8,1
10,1
12,1
14,1
18,2
19,2
21,1
23,1
26,2
28,1
34,2
36,1
37,2
39,1
40,1
42,4
43,1
44,1
45,1
47,1
49,2
56,1
58,1
60,1
61,1
63,1
64,1
68,2
70,1
73,2
76,1
78,1
79,1
82,1
83,2
85,2
86,1
88,2
89,1
90,1
91,1
94,1
95,2
98,1
100,2
103,1
104,1
106,2
109,1
110,2
114,1
115,3
116,1
119,2
120,1
121,1
125,2
128,2
137,1
143,1
147,1
149,1
155,1
157,1
171,1
176,1
179,2
182,1
184,1
186,1
188,2
191,1
192,2
197,2
200,1
202,2
203,2
206,2
207,2
208,2
210,2
211,1
213,2
214,3
216,4
217,2
219,1
222,6
226,1
227,2
230,1
236,1
237,1
239,1
240,1
241,1
245,1
246,2
248,1
249,1
250,1
257,1
262,1
264,1
266,1
269,1
271,1
272,1
273,1
274,3
275,2
276,1
277,1
278,1
279,3
280,1
281,1
282,1
283,2
291,2
292,1
296,2
298,4
299,1
300,3
301,1
302,1
303,3
304,1
305,1
306,2
307,1
315,3
317,1
319,5
323,1
324,1
328,2
329,1
330,1
332,1
333,2
337,3
339,2
349,1
353,2
357,1
358,1
359,1
361,1
364,1
366,2
367,1
368,3
372,1
377,1
378,1
379,2
380,1
383,1
386,2
388,1
389,1
390,1
391,1
392,1
393,3
397,1
398,1
399,1
403,2
404,1
406,1
407,3
411,1
412,1
416,1
417,3
421,3
422,2
426,2
430,2
431,1
434,1
435,1
436,1
438,1
443,2
445,2
446,1
447,1
448,1
451,1
453,1
455,1
456,1
457,1
458,2
460,1
461,3
462,2
463,3
464,2
466,1
467,1
470,1
471,2
472,2
473,1
474,1
476,1
478,2
479,1
480,1
483,1
484,1
486,1
488,1
489,3
490,1
491,1
492,3
496,1
497,2
499,1
502,1
505,1
506,1
508,1
514,1
518,1
521,1
524,1
525,2
526,2
530,2
531,2
532,1
533,1
534,2
535,1
539,1
543,1
544,2
546,1
547,1
549,4
550,1
552,2
555,1
557,2
558,1
560,2
563,1
564,1
565,2
569,2
573,2
575,3
576,1
577,1
578,1
581,2
585,2
587,1
588,2
590,1
591,2
592,2
600,3
601,2
607,1
608,3
616,1
620,2
623,1
626,1
629,2
632,2
640,1
644,1
645,1
646,1
647,1
649,1
651,1
652,1
653,1
659,1
661,2
663,1
666,1
669,2
670,3
673,1
675,1
676,1
681,1
687,2
690,1
699,1
703,2
704,1
705,2
707,2
709,1
710,1
712,1
713,1
714,1
716,1
717,1
718,1
720,1
721,2
723,2
727,2
731,1
733,1
734,1
738,1
743,1
748,3
749,1
752,1
753,3
754,2
757,2
758,1
760,1
762,1
763,2
764,2
766,1
768,1
770,2
773,1
776,1
779,1
781,1
782,2
789,2
792,1
794,2
795,1
797,2
798,1
799,1
800,1
801,3
802,1
803,3
805,2
808,3
810,2
811,2
814,2
817,3
822,1
823,1
824,2
825,2
826,2
827,1
828,1
829,4
830,3
833,1
834,2
835,1
837,1
838,1
841,1
844,2
845,1
849,1
853,1
854,1
856,1
857,3
858,1
861,1
864,2
865,1
868,2
872,1
873,1
874,1
875,2
877,1
878,2
879,2
880,1
881,1
882,2
883,1
884,2
888,2
890,4
891,2
892,2
894,3
895,1
896,2
898,1
899,1
902,1
905,5
907,1
908,1
913,1
919,3
921,1
925,1
929,1
931,1
932,1
933,1
934,1
935,1
937,1
939,1
942,3
943,2
950,1
953,3
956,1
960,1
962,1
964,1
967,4
968,2
969,1
972,1
973,2
975,2
976,2
978,1
979,1
980,2
981,1
982,3
984,3
985,2
987,2
988,1
990,1
997,1
1006,2
1010,2
1020,2
1022,1
1026,2
1032,3
1035,1
1038,2
1040,1
1042,1
1043,1
1045,1
1046,1
1047,2
1050,2
1051,4
1052,1
1053,1
1055,2
1058,2
1066,1
1067,1
1069,1
1070,2
1073,1
1077,1
1078,1
1079,1
1081,2
1083,2
1086,1
1091,2
1094,2
1096,1
1097,2
1100,4
1102,1
1103,1
1105,2
1107,2
1109,1
1114,1
1119,1
1121,1
1122,1
1123,2
1128,1
1130,1
1133,1
1138,1
1139,3
1140,2
1143,3
1144,2
1148,1
1153,1
1156,2
1157,1
1159,1
1161,2
1162,1
1163,1
1166,2
1167,1
1170,1
1171,1
1179,2
1192,1
1195,2
1198,1
1200,2
1201,1
1202,1
1203,1
1206,1
1211,1
1214,1
1220,1
1222,1
1223,3
1225,2
1227,1
1228,1
1230,2
1231,2
1232,1
1234,3
1235,2
1238,1
1240,1
1241,1
1244,1
1247,1
1248,1
1249,1
1250,2
1252,1
1256,1
1257,1
1261,1
1262,1
1263,2
1265,4
1269,1
1270,1
1271,1
1276,2
1277,3
1280,1
1288,1
1290,1
1297,1
1306,2
1307,2
1314,1
1316,2
1320,1
1321,1
1322,3
1324,2
1326,1
1327,1
1328,1
1329,2
1333,1
1336,2
1337,1
1338,1
1339,1
1340,1
1342,2
1343,2
1349,1
1350,1
1351,1
1352,1
1354,2
1356,4
1357,3
1359,1
1360,1
1361,2
1363,1
1365,1
1369,3
1370,1
1371,1
1375,2
1377,3
1380,2
1383,1
1385,1
1386,1
1387,1
1389,1
1393,1
1395,1
1396,1
1400,1
1401,1
1407,1
1412,1
1415,2
1416,1
1424,1
1425,1
1427,2
1429,1
1431,2
1436,1
1437,1
1445,1
1454,1
1455,1
1461,1
1466,1
1471,1
1473,2
1474,1
1477,2
1479,3
1480,1
1483,3
1484,1
1485,1
1487,2
1488,2
1491,2
1495,2
1496,3
1499,1
1500,2
1501,2
1508,1
1512,2
1513,1
1514,1
1516,1
1518,1
1519,1
1520,1
1521,1
1523,1
1525,2
1528,1
1531,1
1538,1
1540,1
1542,2
1544,2
1545,3
1549,2
1551,1
1552,1
1553,1
1555,1
1559,1
1562,1
1563,2
1564,1
1565,1
1567,3
1568,1
1569,2
1570,2
1572,1
1573,1
1574,1
1575,2
1576,1
1579,1
1580,1
1584,1
1585,1
1586,2
1588,1
1589,1
1591,1
1593,1
1595,1
1597,1
1599,2
1602,1
1603,1
1604,1
1605,2
1606,3
1607,2
1610,1
1613,2
1616,1
1617,1
1618,1
1619,1
1621,1
1624,1
1627,1
1632,1
1640,2
1641,1
1642,2
1646,2
1647,1
1655,2
1660,1
1665,1
1668,1
1669,1
1671,1
1672,1
1673,3
1675,1
1677,1
1678,1
1681,1
1682,1
1683,1
1690,2
1694,2
1697,2
1700,1
1704,1
1706,1
1714,1
1721,1
1724,1
1726,2
1727,4
1728,1
1729,1
1730,1
1731,2
1732,3
1735,1
1736,1
1738,1
1739,1
1742,1
1743,1
1744,1
1746,2
1747,1
1751,2
1753,3
1755,1
1756,1
1758,1
1759,1
1760,1
1768,1
1771,1
1772,1
1777,1
1778,1
1784,1
1788,2
1791,1
1793,1
1800,1
1805,1
1806,1
1807,2
1808,1
1810,1
1811,1
1813,1
1816,1
1822,1
1824,1
1825,1
1826,1
1827,1
1829,1
1830,2
1832,2
1833,3
1834,2
1835,1
1837,1
1838,4
1839,1
1841,1
1842,1
1843,1
1847,1
1848,1
1849,1
1853,3
1854,1
1855,3
1857,1
1862,1
1864,1
1868,1
1874,1
1877,2
1880,1
1888,5
1889,3
1890,1
1891,1
1892,2
1893,1
1896,1
1899,3
1901,1
1902,2
1904,2
1905,2
1906,2
1907,1
1908,3
1909,1
1913,1
1914,1
1915,1
1918,2
1919,3
1920,1
1922,1
1923,2
1924,1
1925,1
1929,3
1931,2
1935,3
1947,1
1948,1
1949,2
1953,2
1956,1
1957,1
1967,1
1973,1
1977,1
1984,1
1985,1
1986,1
1987,3
1991,1
1993,1
1997,1
1998,1
2002,1
2005,1
2006,2
2008,1
2009,2
2010,1
2014,1
2019,1
2026,1
2029,1
2030,3
2034,1
2039,1
2040,1
2043,3
2044,2
2048,1
2056,3
2061,1
2067,1
2069,1
2070,1
2071,1
2074,1
2075,1
2077,1
2079,1
2081,1
2082,2
2083,1
2084,1
2085,3
2087,1
2090,1
2091,1
2094,1
2101,1
2102,1
2104,1
2105,2
2107,2
2110,1
2111,1
2117,1
2118,2
2120,2
2124,2
2125,2
2127,1
2129,1
2130,1
2131,1
2132,1
2133,1
2134,2
2141,1
2143,1
2145,1
2146,1
2147,1
2148,1
2149,1
2150,2
2151,1
2153,1
2155,1
2158,2
2161,1
2163,3
2164,1
2167,2
2168,1
2169,2
2173,2
2175,1
2176,2
2181,2
2183,3
2185,4
2187,1
2190,1
2191,1
2192,2
2193,1
2203,1
2205,1
2211,1
2216,1
2219,2
2222,1
2223,1
2226,1
2227,1
2233,1
2236,2
2240,3
2241,1
2242,2
2244,2
2245,1
2246,1
2248,1
2249,1
2250,1
2251,1
2253,1
2255,1
2258,2
2260,1
2261,1
2262,1
2264,2
2265,3
2267,1
2269,1
2270,1
2271,1
2274,1
2275,1
2278,1
2279,1
2280,1
2281,2
2282,1
2285,1
2286,1
2287,4
2293,3
2294,1
2296,1
2300,1
2301,2
2306,1
2309,1
2310,3
2313,2
2314,4
2317,1
2318,2
2319,1
2322,1
2325,1
2326,2
2328,1
2329,1
2330,2
2331,2
2337,2
2338,2
2339,1
2340,1
2341,3
2343,1
2344,2
2345,1
2346,4
2347,1
2348,6
2349,2
2350,2
2353,2
2354,1
2360,1
2361,1
2362,2
2363,3
2364,1
2367,2
2369,2
2370,1
2371,1
2373,1
2374,1
2375,1
2376,1
2377,1
2381,2
2385,2
2387,1
2389,2
2392,3
2393,2
2394,2
2397,1
2400,1
2401,1
2404,1
2408,2
2410,1
2411,2
2413,2
2414,1
2417,3
2418,1
2420,1
2423,1
2426,2
2431,2
2432,3
2438,1
2439,1
2440,1
2443,1
2446,2
2448,1
2452,1
2457,1
2461,2
2464,3
2466,2
2469,2
2478,2
2482,1
2483,1
2491,1
2492,1
2494,1
2495,2
2496,1
2497,1
2501,1
2505,2
2507,4
2510,4
2511,1
2512,1
2513,4
2514,2
2519,1
2520,1
2521,1
2523,2
2524,3
2525,1
2526,1
2531,1
2532,2
2534,3
2536,3
2537,1
2540,3
2542,3
2545,3
2546,1
2552,1
2559,1
2563,1
2567,2
2568,2
2571,2
2572,2
2573,3
2574,3
2575,2
2577,1
2579,1
2585,1
2591,2
2592,1
2593,4
2597,3
2598,2
2599,2
2600,1
2601,1
2602,1
2604,1
2605,2
2611,1
2612,1
2615,1
2618,1
2619,1
2623,1
2625,1
2627,1
2629,1
2630,1
2633,3
2634,2
2637,1
2639,1
2648,1
2651,1
2657,1
2658,1
2661,1
2662,1
2664,1
2671,1
2672,1
2673,1
2679,1
2680,1
2684,1
2685,1
2689,1
2692,1
2693,1
2694,2
2697,1
2699,3
2703,2
2704,1
2705,1
2707,1
2708,2
2710,1
2711,1
2721,1
2722,3
2723,1
2724,3
2731,1
2736,1
2737,1
2743,1
2744,2
2745,1
2748,1
2751,1
2759,1
2760,2
2762,1
2766,1
2767,1
2768,1
2780,1
2782,2
2783,2
2784,4
2786,1
2790,1
2791,1
2792,1
2796,1
2798,1
2800,1
2824,2
2826,1
2827,1
2829,1
2830,2
2831,3
2832,2
2833,2
2835,2
2838,1
2841,1
2844,1
2846,1
2848,2
2849,3
2850,3
2853,1
2856,3
2857,1
2858,2
2859,2
2862,1
2863,2
2872,2
2873,1
2874,1
2875,2
2877,1
2878,2
2879,1
2882,1
2886,2
2887,1
2893,1
2894,1
2895,1
2899,1
2903,2
2905,1
2913,3
2917,3
2921,1
2923,5
2925,3
2928,2
2929,5
2932,3
2939,1
2942,1
2943,1
2945,1
2947,2
2950,2
2951,1
2952,1
2953,1
2954,1
2955,1
2959,4
2961,1
2962,1
2963,1
2964,2
2965,1
2967,2
2968,1
2969,1
2973,1
2975,1
2976,1
2977,3
2978,2
2979,1
2985,2
2988,1
2991,2
2999,1
3010,2
3015,1
3016,3
3018,1
3019,1
3024,1
3027,1
3030,1
3032,1
3033,2
3035,2
3038,4
3044,1
3046,1
3047,2
3048,1
3050,1
3052,1
3053,1
3054,2
3055,1
3056,1
3058,2
3059,1
3061,1
3063,3
3064,1
3066,2
3067,1
3071,1
3072,2
3077,1
3080,1
3081,1
3084,1
3086,2
3088,1
3089,2
3093,1
3097,3
3098,2
3102,1
3103,1
3105,1
3109,3
3111,1
3113,1
3116,1
3119,2
3120,1
3131,1
3133,2
3134,2
3135,1
3143,1
3145,1
3148,1
3150,1
3153,1
3154,2
3155,1
3156,1
3157,1
3165,1
3166,1
3168,2
3169,1
3170,1
3171,3
3174,2
3176,2
3177,2
3178,1
3181,1
3185,1
3187,2
3188,2
3189,2
3190,1
3191,1
3192,1
3194,2
3201,1
3203,1
3205,1
3212,1
3215,1
3220,1
3221,1
3227,2
3228,1
3234,1
3235,3
3246,1
3250,1
3251,1
3259,1
3264,3
3265,2
3267,1
3268,2
3270,1
3274,1
3275,1
3278,3
3279,1
3281,1
3282,2
3285,1
3286,1
3287,1
3288,1
3289,2
3292,2
3294,1
3298,2
3302,1
3305,1
3309,1
3312,1
3313,2
3314,1
3317,2
3323,1
3326,1
3330,2
3331,1
3334,1
3338,2
3339,2
3342,1
3345,1
3347,2
3349,2
3351,1
3353,1
3354,1
3355,2
3361,1
3363,1
3369,1
3370,1
3374,2
3375,1
3376,2
3377,1
3379,1
3382,1
3384,4
3385,2
3386,1
3387,2
3390,1
3391,3
3394,1
3396,1
3397,1
3399,1
3400,3
3401,1
3404,1
3405,1
3408,1
3409,1
3416,2
3422,1
3433,3
3434,2
3436,2
3438,1
3440,2
3441,1
3443,1
3445,1
3446,1
3451,1
3458,2
3461,1
3462,1
3463,2
3465,1
3471,1
3474,1
3478,1
3480,1
3481,1
3490,2
3493,1
3497,1
3498,1
3503,1
3505,2
3506,1
3510,1
3513,1
3518,1
3523,1
3525,1
3529,1
3531,2
3532,1
3533,2
3534,1
3541,2
3544,2
3545,4
3546,1
3548,1
3549,2
3550,3
3551,1
3558,3
3559,1
3560,3
3561,2
3562,1
3565,1
3568,2
3569,1
3570,1
3572,2
3574,1
3576,1
3577,1
3579,2
3583,2
3586,2
3587,2
3588,1
3589,1
3592,2
3594,1
3595,1
3597,1
3598,3
3601,2
3605,2
3606,1
3610,1
3614,1
3616,1
3618,1
3619,3
3621,1
3622,1
3627,2
3629,1
3632,2
3633,1
3634,1
3636,2
3643,1
3645,3
3646,1
3647,2
3650,2
3651,2
3653,2
3655,1
3658,1
3659,1
3660,1
3661,2
3662,2
3663,1
3664,2
3665,2
3672,1
3679,1
3680,2
3683,2
3685,1
3686,2
3690,1
3694,2
3695,1
3698,1
3699,1
3701,1
3705,1
3706,1
3709,2
3711,2
3712,1
3714,2
3716,1
3717,2
3718,1
3720,1
3721,1
3723,2
3725,1
3729,1
3730,1
3731,1
3732,1
3733,1
3734,1
3738,3
3746,1
3747,1
3748,1
3750,1
3753,1
3754,1
3758,1
3760,1
3762,1
3770,2
3774,2
3775,1
3776,1
3780,1
3782,1
3783,1
3791,1
3798,1
3799,1
3800,1
3801,2
3805,1
3810,1
3813,1
3814,2
3819,1
3825,1
3828,1
3836,1
3838,1
3839,1
3840,1
3849,1
3853,1
3854,1
3855,2
3859,2
3860,1
3861,1
3863,1
3865,1
3872,2
3873,1
3874,1
3875,3
3877,3
3880,2
3882,1
3883,1
3886,2
3889,1
3890,1
3896,3
3899,1
3900,1
3901,3
3902,1
3906,1
3907,2
3908,1
3911,1
3913,1
3915,1
3916,3
3917,1
3919,1
3923,1
3928,1
3930,2
3931,1
3936,1
3937,1
3940,1
3944,1
3948,1
3950,2
3951,1
3952,3
3954,1
3956,1
3958,1
3960,2
3962,1
3966,1
3967,4
3973,1
3974,1
3975,2
3977,3
3979,1
3983,1
3986,2
3987,1
3994,1
3995,1
3997,1
4002,2
4004,1
4006,1
4008,1
4009,3
4011,1
4015,1
4021,1
4022,2
4029,1
4030,1
4032,1
4033,1
4034,1
4040,3
4044,1
4047,2
4050,1
4052,1
4053,1
4054,1
4057,2
4059,1
4060,1
4061,1
4062,2
4063,1
4065,1
4067,1
4070,1
4071,1
4077,1
4078,1
4079,1
4080,1
4082,3
4083,3
4084,1
4090,1
4092,1
4094,1
4096,1
4098,1
4104,1
4108,1
4110,2
4114,1
4115,2
4118,2
4121,3
4122,1
4124,1
4125,2
4130,1
4131,2
4133,3
4134,1
4135,2
4138,1
4143,1
4144,1
4145,1
4146,1
4147,1
4149,1
4150,1
4153,1
4154,1
4160,2
4168,1
4170,2
4172,1
4174,1
4175,1
4177,2
4179,1
4192,3
4194,1
4195,1
4196,1
4197,1
4201,3
4202,2
4206,1
4207,1
4208,1
4209,1
4211,2
4212,3
4215,2
4217,1
4222,1
4224,1
4226,1
4229,1
4231,1
4233,1
4238,1
4239,1
4241,2
4245,3
4251,1
4258,1
4259,1
4262,1
4264,1
4270,1
4271,1
4282,1
4290,2
4292,3
4299,2
4302,2
4303,2
4304,3
4306,2
4310,1
4312,1
4313,2
4315,1
4322,1
4323,1
4325,2
4326,3
4328,1
4330,1
4335,1
4336,1
4340,1
4341,1
4342,1
4344,1
4348,2
4352,1
4353,1
4354,1
4355,2
4358,2
4359,1
4362,1
4365,3
4367,1
4368,4
4369,1
4372,1
4376,2
4379,1
4386,1
4387,2
4388,1
4390,1
4394,3
4395,1
4396,2
4398,1
4399,1
4400,1
4401,1
4402,1
4406,1
4408,1
4409,1
4410,3
4411,1
4412,1
4415,3
4416,1
4421,1
4423,1
4428,3
4433,3
4436,1
4437,1
4439,1
4441,1
4449,1
4450,1
4452,1
4453,1
4454,1
4455,1
4457,3
4458,2
4459,1
4460,1
4461,5
4462,1
4463,2
4464,1
4465,5
4466,2
4468,1
4469,2
4473,1
4474,2
4475,1
4476,1
4478,1
4479,1
4482,1
4485,2
4486,1
4488,1
4490,1
4491,2
4494,1
4495,1
4497,1
4499,1
4500,4
4507,1
4508,1
4513,1
4518,2
4523,1
4525,2
4530,1
4531,3
4532,1
4534,1
4538,1
4539,2
4541,1
4544,1
4549,2
4551,1
4553,1
4555,2
4556,1
4557,1
4558,2
4560,1
4565,1
4568,2
4572,2
4573,1
4574,1
4576,1
4577,2
4578,1
4580,2
4584,1
4585,1
4587,1
4588,2
4590,1
4593,3
4596,1
4598,1
4603,1
4607,2
4619,1
4621,1
4622,2
4623,2
4625,2
4631,1
4632,1
4635,3
4638,1
4639,1
4640,4
4644,1
4645,1
4646,1
4650,1
4651,3
4652,1
4661,1
4667,3
4671,3
4682,2
4684,1
4685,3
4686,1
4687,2
4688,1
4689,1
4692,1
4693,1
4696,1
4708,1
4710,1
4713,3
4715,2
4718,1
4719,1
4720,1
4722,1
4723,1
4729,1
4730,2
4732,1
4733,1
4736,1
4737,1
4738,1
4739,1
4741,3
4742,1
4754,1
4756,1
4758,1
4761,1
4765,1
4769,2
4773,1
4777,1
4779,2
4786,1
4791,1
4798,1
4799,1
4801,1
4803,1
4806,1
4807,1
4808,1
4816,1
4820,1
4823,3
4824,1
4826,1
4829,1
4830,2
4834,2
4837,2
4843,2
4844,2
4846,1
4848,1
4853,1
4856,1
4857,1
4859,1
4868,1
4870,1
4871,1
4872,3
4874,1
4875,1
4878,1
4879,1
4880,3
4881,1
4882,2
4883,2
4884,1
4886,1
4887,1
4889,2
4890,2
4891,1
4896,1
4897,1
4898,1
4900,1
4901,1
4902,1
4904,1
4905,4
4906,3
4907,3
4908,1
4909,1
4910,2
4913,1
4914,1
4919,1
4920,1
4921,2
4922,1
4923,1
4924,1
4926,1
4927,2
4930,1
4932,1
4933,1
4935,2
4937,1
4940,6
4941,1
4942,1
4943,1
4950,1
4952,1
4954,1
4957,1
4960,1
4961,2
4964,1
4965,1
4970,1
4971,1
4973,1
4974,1
4976,1
4977,1
4978,3
4980,2
4984,2
4985,1
4988,1
4991,2
4992,2
4994,1
4996,1
4997,1
4998,1
5000,1
5001,4
5002,2
5003,1
5009,2
5011,1
5012,1
5015,1
5019,1
5021,1
5029,1
5033,1
5035,1
5039,1
5042,1
5046,1
5049,1
5054,1
5058,1
5060,1
5063,1
5064,2
5065,3
5067,1
5069,1
5070,1
5071,3
5072,1
5074,1
5076,2
5078,1
5081,1
5083,1
5085,1
5087,1
5092,1
5096,1
5102,1
5104,1
5105,4
5108,1
5115,1
5132,1
5137,1
5140,1
5143,1
5146,1
5147,1
5149,1
5151,1
5153,2
5154,1
5157,4
5166,1
5167,1
5174,1
5175,1
5179,1
5181,1
5182,2
5183,1
5185,1
5189,1
5190,1
5192,1
5194,1
5196,2
5197,1
5198,2
5202,2
5203,1
5204,1
5209,1
5213,1
5216,1
5217,2
5218,1
5219,2
5223,1
5224,2
5225,1
5226,2
5227,1
5229,2
5230,1
5235,2
5236,2
5237,2
5239,1
5240,1
5244,1
5246,2
5248,2
5254,1
5257,1
5259,1
5262,2
5266,1
5275,2
5278,1
5283,1
5286,1
5288,1
5291,1
5296,1
5312,1
5313,1
5315,3
5318,2
5319,1
5321,1
5322,1
5325,2
5326,1
5328,2
5330,1
5331,1
5332,1
5334,1
5336,2
5342,2
5343,2
5345,1
5346,4
5347,1
5350,1
5351,1
5352,1
5356,1
5358,1
5359,2
5360,3
5363,1
5365,1
5366,1
5371,3
5372,1
5373,1
5383,1
5386,1
5391,1
5394,2
5396,2
5397,1
5399,1
5402,1
5408,1
5409,2
5411,2
5412,1
5414,1
5415,1
5416,2
5418,2
5420,1
5421,2
5422,1
5423,1
5424,2
5426,1
5427,1
5431,1
5432,2
5434,1
5435,3
5436,1
5438,4
5439,4
5446,1
5447,1
5448,1
5449,1
5450,2
5452,2
5453,1
5455,3
5456,1
5457,1
5461,1
5464,2
5472,1
5476,1
5478,2
5481,1
5482,2
5486,1
5487,1
5488,2
5489,1
5490,1
5491,3
5492,1
5493,2
5496,2
5498,1
5503,1
5511,1
5513,1
5515,1
5525,1
5526,1
5528,1
5536,1
5541,1
5549,1
5550,1
5551,1
5555,3
5560,2
5561,1
5563,2
5564,1
5569,1
5571,1
5574,1
5575,1
5576,1
5577,4
5578,2
5579,2
5581,2
5582,5
5583,1
5586,3
5587,2
5590,1
5591,2
5592,3
5595,1
5597,1
5599,1
5611,2
5612,1
5615,2
5621,1
5628,1
5629,1
5636,2
5640,2
5642,1
5643,1
5644,1
5645,1
5647,3
5651,1
5654,1
5656,1
5657,2
5659,1
5661,1
5662,1
5663,1
5664,2
5665,1
5667,1
5669,1
5670,1
5673,1
5675,2
5677,1
5679,1
5680,1
5684,1
5685,2
5686,1
5687,1
5689,2
5691,1
5693,1
5694,1
5699,1
5703,1
5708,1
5712,2
5713,1
5715,2
5716,1
5721,1
5723,2
5724,1
5727,1
5728,1
5733,5
5737,2
5739,3
5746,1
5747,2
5751,1
5752,1
5754,1
5757,1
5759,2
5764,2
5767,1
5769,1
5771,1
5777,2
5780,1
5781,1
5783,1
5785,1
5786,1
5790,1
5791,1
5793,1
5798,1
5805,2
5806,1
5807,1
5808,2
5811,1
5816,1
5818,1
5819,1
5824,4
5825,1
5826,1
5827,2
5828,1
5829,1
5831,1
5832,1
5836,1
5838,1
5839,1
5840,2
5842,2
5843,1
5844,1
5846,1
5852,1
5853,2
5854,3
5858,1
5860,1
5861,1
5863,1
5869,1
5870,2
5871,1
5874,1
5875,1
5877,1
5882,3
5884,1
5888,1
5892,1
5895,1
5899,2
5900,1
5903,1
5904,2
5905,4
5910,1
5912,1
5914,1
5917,1
5920,1
5923,1
5926,2
5928,1
5930,2
5934,2
5939,2
5942,1
5945,4
5946,2
5947,1
5948,1
5949,1
5951,1
5953,1
5954,3
5958,1
5963,1
5964,3
5965,1
5967,2
5970,2
5973,1
5974,2
5975,1
5976,1
5984,3
5985,2
5987,1
5990,1
5991,1
5995,4
5996,1
5997,4
5998,4
5999,1
6000,6
6002,1
6003,2
6004,2
6008,4
6009,1
6010,4
6011,1
6014,1
6015,1
6016,1
6017,2
6018,1
6019,4
6022,2
6025,3
6027,1
6028,1
6029,1
6031,1
6032,1
6039,2
6040,2
6044,1
6049,1
6052,1
6053,2
6059,2
6060,1
6066,1
6067,1
6069,1
6073,1
6077,1
6081,2
6083,2
6087,1
6089,2
6094,2
6095,1
6096,3
6100,3
6101,1
6103,1
6104,1
6105,1
6106,3
6107,1
6110,2
6111,1
6116,2
6122,1
6129,1
6131,1
6134,1
6137,2
6145,1
6146,1
6150,1
6151,1
6152,1
6153,3
6156,1
6157,1
6158,1
6161,1
6162,1
6165,1
6170,1
6171,1
6172,1
6173,1
6174,1
6175,3
6177,1
6179,2
6181,3
6182,1
6186,1
6187,1
6188,1
6193,2
6194,1
6195,1
6197,1
6198,1
6200,2
6201,2
6202,1
6203,1
6205,1
6206,1
6207,1
6211,1
6213,1
6214,3
6216,1
6217,2
6219,1
6220,2
6224,1
6226,1
6228,1
6229,2
6230,1
6232,1
6234,2
6237,1
6240,3
6241,1
6242,1
6243,2
6244,2
6245,1
6246,2
6248,1
6249,1
6250,2
6254,1
6256,1
6258,1
6259,1
6260,1
6261,2
6263,4
6265,1
6271,1
6277,1
6279,1
6281,1
6283,1
6288,3
6289,1
6290,1
6291,1
6292,1
6293,1
6299,2
6307,1
6315,2
6319,1
6320,1
6322,1
6323,1
6326,1
6330,1
6336,1
6337,1
6340,2
6342,1
6343,1
6345,1
6346,1
6347,3
6350,2
6352,1
6354,2
6355,1
6356,1
6357,2
6358,1
6360,2
6361,1
6363,2
6365,2
6370,3
6378,1
6379,1
6380,1
6383,1
6384,1
6385,1
6389,1
6391,1
6392,1
6395,1
6396,1
6397,1
6400,1
6414,1
6415,1
6416,1
6418,1
6421,1
6422,2
6423,1
6424,1
6426,1
6427,1
6429,1
6431,1
6432,1
6433,1
6435,1
6436,1
6437,1
6442,1
6443,1
6446,1
6449,2
6450,1
6451,2
6454,1
6455,1
6456,1
6457,2
6459,2
6460,1
6462,2
6463,2
6467,2
6469,2
6471,1
6472,1
6473,1
6476,1
6477,2
6479,1
6481,1
6485,2
6488,2
6489,4
6493,1
6495,1
6496,1
6497,1
6498,1
6502,1
6503,1
6504,1
6506,1
6510,2
6511,1
6512,2
6514,1
6516,3
6518,1
6522,3
6523,1
6524,1
6526,1
6528,1
6535,1
6537,1
6540,1
6541,1
6542,2
6544,1
6545,2
6547,1
6548,1
6549,2
6551,2
6552,2
6556,2
6557,1
6560,2
6565,1
6569,2
6570,1
6572,1
6579,1
6586,1
6587,1
6589,1
6591,2
6592,1
6596,1
6597,2
6598,1
6599,1
6603,2
6604,1
6605,1
6606,3
6607,1
6608,1
6609,1
6610,1
6611,2
6613,1
6615,2
6616,4
6617,1
6618,1
6620,1
6621,1
6622,1
6624,1
6628,1
6632,1
6633,1
6635,2
6636,1
6637,1
6638,3
6642,1
6643,1
6645,1
6653,1
6655,2
6664,2
6668,1
6670,2
6671,1
6672,2
6676,2
6678,1
6687,3
6689,1
6690,1
6692,3
6693,2
6694,2
6695,3
6696,1
6699,2
6704,1
6705,1
6707,3
6709,1
6713,2
6714,1
6719,3
6721,2
6723,1
6725,1
6726,1
6729,1
6731,1
6732,1
6733,1
6736,2
6742,1
6744,1
6745,1
6748,1
6751,1
6752,1
6758,1
6759,1
6760,1
6761,1
6764,1
6766,1
6767,2
6768,1
6773,1
6775,2
6776,2
6778,1
6782,1
6785,1
6787,1
6790,2
6793,1
6799,3
6800,2
6801,1
6803,1
6804,1
6805,1
6807,1
6808,1
6809,1
6810,1
6814,1
6822,3
6829,1
6830,1
6831,1
6832,2
6840,2
6844,1
6846,3
6847,2
6848,3
6849,1
6851,2
6852,2
6854,1
6855,1
6856,1
6860,2
6862,1
6865,2
6867,1
6873,1
6874,1
6876,2
6877,1
6878,2
6879,1
6880,1
6882,1
6884,1
6887,1
6889,1
6892,1
6893,1
6894,1
6896,1
6897,1
6898,1
6899,1
6900,1
6901,2
6902,1
6904,2
6907,1
6908,2
6911,1
6913,1
6914,2
6919,3
6923,1
6926,4
6927,1
6928,1
6933,1
6936,1
6938,1
6941,1
6944,1
6945,1
6946,1
6949,2
6950,2
6952,1
6954,3
6955,1
6958,3
6961,1
6962,1
6965,1
6966,1
6968,2
6969,3
6970,3
6971,3
6973,2
6974,1
6980,1
6982,2
6983,2
6988,2
6989,2
6991,1
6993,1
6994,1
6999,1
7000,2
7001,3
7006,1
7008,1
7009,2
7012,1
7014,1
7021,1
7022,2
7024,4
7025,2
7026,3
7028,4
7029,1
7031,1
7032,1
7034,2
7038,1
7041,1
7045,1
7047,1
7049,6
7058,3
7059,1
7067,1
7072,1
7074,1
7078,1
7079,1
7082,1
7084,2
7087,1
7088,1
7089,1
7092,1
7097,3
7099,1
7102,2
7103,1
7105,1
7106,1
7111,3
7112,1
7113,1
7115,1
7116,1
7119,2
7120,1
7121,2
7122,1
7123,1
7124,1
7125,1
7126,3
7128,2
7129,4
7131,2
7135,2
7140,2
7149,1
7152,1
7153,2
7156,1
7164,1
7168,2
7169,1
7170,1
7175,1
7177,1
7178,2
7179,1
7180,1
7181,1
7182,3
7184,1
7191,2
7193,1
7194,2
7195,1
7196,2
7199,3
7201,1
7202,2
7203,1
7204,1
7211,1
7213,2
7218,2
7226,2
7227,2
7233,2
7235,1
7236,1
7238,1
7240,1
7243,1
7246,1
7249,2
7250,1
7257,1
7261,1
7263,1
7265,2
7266,2
7269,5
7272,1
7277,1
7280,1
7281,3
7283,4
7284,1
7287,3
7288,1
7289,1
7290,1
7292,1
7293,1
7294,1
7295,1
7300,1
7305,3
7306,2
7307,1
7311,2
7312,1
7313,2
7314,1
7315,1
7317,1
7321,1
7323,1
7324,1
7331,1
7339,1
7342,1
7343,1
7344,1
7350,1
7355,1
7360,1
7364,1
7370,3
7371,1
7373,1
7374,2
7375,1
7376,2
7378,2
7379,1
7382,1
7384,2
7385,1
7387,2
7393,1
7394,2
7395,1
7397,1
7398,2
7399,1
7407,1
7409,3
7412,2
7415,1
7420,1
7422,1
7424,3
7425,1
7426,1
7427,3
7429,2
7432,1
7434,1
7435,1
7436,1
7439,1
7441,2
7443,1
7444,1
7445,3
7447,1
7450,1
7451,2
7453,1
7454,1
7457,1
7459,1
7465,1
7466,4
7468,1
7469,1
7470,1
7472,1
7473,2
7474,1
7475,1
7480,1
7481,1
7482,1
7483,2
7487,5
7490,1
7494,1
7495,1
7496,1
7498,1
7500,2
7501,2
7503,1
7504,1
7507,1
7508,1
7513,1
7518,1
7519,1
7520,1
7521,2
7523,1
7524,1
7526,1
7527,1
7528,1
7529,1
7530,1
7531,3
7533,3
7534,2
7537,1
7538,1
7540,3
7542,1
7546,1
7551,1
7557,1
7559,1
7560,1
7561,1
7566,1
7568,2
7570,1
7571,1
7574,1
7576,1
7584,1
7586,2
7588,2
7589,1
7593,1
7594,1
7599,1
7601,1
7602,1
7609,3
7610,1
7614,1
7616,2
7617,1
7621,1
7622,2
7623,2
7624,2
7627,2
7629,1
7630,3
7631,1
7634,1
7635,1
7639,2
7640,1
7641,2
7642,2
7643,1
7644,1
7646,1
7647,1
7648,2
7649,2
7654,1
7657,1
7660,1
7662,2
7663,3
7664,2
7670,1
7672,2
7674,1
7675,1
7676,1
7679,1
7681,1
7688,1
7689,2
7690,1
7693,2
7694,1
7697,1
7699,2
7701,1
7707,2
7711,1
7713,2
7714,1
7716,1
7717,2
7718,4
7719,2
7721,1
7723,1
7725,1
7726,1
7727,1
7728,1
7729,1
7730,1
7733,1
7735,1
7736,1
7739,1
7742,1
7743,2
7745,1
7747,1
7749,1
7750,1
7751,3
7754,1
7758,2
7759,2
7764,1
7765,1
7769,1
7771,1
7775,2
7776,4
7781,1
7784,2
7787,1
7790,2
7791,2
7792,1
7794,1
7796,2
7797,1
7805,1
7807,1
7809,3
7810,1
7814,2
7819,2
7821,1
7823,3
7824,3
7825,2
7827,1
7828,1
7831,1
7834,1
7836,2
7838,1
7840,1
7841,2
7844,1
7850,1
7855,1
7856,1
7858,1
7861,1
7864,1
7869,1
7870,1
7871,2
7875,2
7876,1
7879,2
7880,1
7882,1
7883,1
7885,1
7890,1
7892,1
7893,1
7894,1
7897,1
7898,1
7899,2
7901,1
7908,2
7910,1
7911,1
7913,1
7916,2
7918,1
7920,2
7921,3
7924,2
7925,1
7926,1
7928,2
7931,1
7932,1
7943,1
7944,1
7949,2
7950,2
7951,4
7952,1
7953,2
7955,2
7956,1
7957,2
7959,1
7961,1
7964,1
7966,1
7967,1
7968,1
7969,1
7970,2
7971,1
7973,5
7974,1
7975,1
7976,1
7978,3
7979,1
7982,1
7985,3
7986,1
7991,2
7992,2
7993,2
7997,3
7998,1
7999,2
8002,1
8003,2
8004,1
8006,1
8012,3
8013,2
8014,1
8017,1
8019,1
8021,1
8023,1
8024,2
8025,1
8026,4
8032,3
8033,3
8037,4
8039,1
8040,2
8041,1
8042,1
8043,1
8045,3
8046,3
8048,3
8049,2
8050,2
8051,2
8052,2
8053,1
8055,1
8056,1
8057,1
8058,3
8059,1
8060,1
8062,2
8063,2
8067,1
8069,1
8073,6
8074,2
8077,2
8078,1
8079,1
8080,1
8082,2
8084,1
8085,1
8087,1
8090,1
8091,1
8092,1
8095,2
8097,1
8098,1
8099,1
8105,1
8106,1
8111,1
8114,1
8115,1
8121,1
8122,1
8125,1
8128,1
8129,1
8130,1
8131,1
8133,2
8135,3
8137,1
8139,1
8141,1
8143,2
8146,2
8147,1
8148,1
8149,1
8153,2
8155,2
8156,2
8162,1
8163,1
8165,1
8167,1
8168,1
8174,1
8178,1
8180,1
8181,1
8187,2
8188,2
8193,2
8194,2
8195,1
8200,2
8201,3
8202,1
8205,1
8206,2
8209,1
8211,1
8213,1
8219,1
8221,1
8225,1
8227,1
8229,2
8230,1
8236,1
8239,1
8241,1
8245,1
8246,1
8247,1
8249,2
8253,2
8255,1
8259,1
8260,1
8261,1
8262,1
8264,1
8267,1
8268,2
8270,1
8271,2
8273,1
8275,1
8279,1
8281,2
8284,1
8285,1
8287,2
8288,1
8289,1
8291,1
8292,1
8295,1
8296,1
8298,1
8301,1
8306,1
8307,3
8308,2
8309,1
8311,1
8312,1
8313,1
8314,1
8317,1
8321,1
8323,1
8324,1
8327,2
8329,1
8331,1
8335,2
8337,1
8340,1
8347,1
8353,1
8363,2
8366,1
8371,1
8377,1
8384,2
8387,1
8388,2
8390,2
8391,1
8392,1
8393,1
8394,1
8395,1
8397,3
8398,1
8399,2
8400,1
8402,1
8404,1
8405,1
8406,1
8408,2
8413,2
8414,2
8418,1
8421,1
8423,2
8428,1
8431,3
8432,3
8433,1
8436,1
8437,1
8438,1
8440,1
8441,1
8454,1
8458,2
8462,1
8466,1
8468,1
8470,2
8473,1
8474,2
8475,1
8479,2
8481,2
8482,1
8484,1
8485,1
8488,2
8489,1
8490,3
8491,1
8494,1
8497,1
8498,1
8499,1
8503,1
8505,2
8506,1
8508,1
8511,4
8512,1
8515,1
8516,2
8517,1
8519,1
8520,2
8521,2
8524,1
8525,2
8527,1
8529,1
8531,1
8533,2
8536,1
8537,2
8538,1
8541,1
8543,3
8545,2
8547,1
8548,1
8549,1
8550,1
8553,1
8560,1
8561,2
8564,2
8565,3
8568,1
8570,1
8582,1
8583,2
8584,1
8592,1
8593,1
8595,2
8596,1
8604,1
8605,1
8608,1
8613,1
8617,1
8622,1
8623,2
8627,1
8630,1
8635,2
8637,1
8640,2
8643,1
8645,1
8646,1
8647,1
8648,2
8649,1
8653,1
8654,2
8658,1
8663,3
8665,1
8668,2
8669,1
8670,1
8673,1
8678,1
8680,2
8682,2
8683,2
8686,1
8687,1
8689,2
8690,1
8691,1
8692,1
8699,1
8706,2
8710,1
8711,2
8712,2
8713,2
8715,2
8717,1
8718,4
8719,3
8720,1
8721,1
8723,2
8724,1
8725,1
8727,1
8730,1
8734,1
8735,1
8737,2
8739,1
8741,2
8742,1
8743,3
8752,1
8756,1
8759,1
8763,1
8765,1
8767,1
8769,1
8771,1
8774,1
8775,1
8776,1
8781,2
8783,1
8804,1
8805,1
8806,1
8807,1
8809,1
8811,1
8812,3
8814,1
8816,1
8818,1
8819,2
8823,1
8824,1
8826,1
8829,1
8833,1
8837,1
8839,1
8845,1
8848,1
8849,3
8850,2
8857,1
8858,1
8860,1
8862,1
8865,2
8866,1
8868,1
8869,1
8874,1
8875,2
8877,1
8879,1
8880,3
8882,1
8888,1
8889,2
8891,3
8892,2
8894,1
8895,1
8896,1
8898,1
8899,1
8900,1
8901,1
8902,2
8903,1
8904,1
8906,1
8907,1
8908,1
8909,1
8911,3
8912,3
8913,2
8914,1
8915,1
8917,2
8919,1
8920,3
8921,2
8926,1
8927,2
8930,1
8933,1
8936,1
8941,2
8944,1
8946,1
8949,1
8962,1
8968,1
8970,1
8971,2
8974,3
8975,3
8976,4
8977,2
8979,2
8980,1
8982,2
8983,1
8984,2
8985,3
8986,2
8990,1
8991,3
8993,2
8995,1
8996,1
8997,1
8998,2
9002,1
9003,1
9004,1
9006,1
9011,2
9017,3
9019,1
9020,2
9025,1
9026,3
9027,1
9028,1
9031,4
9032,2
9033,1
9036,2
9037,2
9039,1
9040,1
9042,1
9044,1
9046,1
9048,1
9049,1
9050,2
9051,1
9053,1
9054,1
9055,1
9056,1
9057,2
9060,1
9061,1
9064,1
9067,1
9070,3
9072,5
9073,2
9076,3
9081,1
9082,2
9087,1
9091,3
9093,1
9095,2
9097,1
9098,1
9099,1
9103,4
9106,1
9114,1
9117,1
9119,2
9121,2
9122,2
9123,1
9125,1
9128,1
9129,1
9131,1
9132,1
9134,3
9135,2
9141,1
9145,1
9148,1
9153,1
9154,1
9155,1
9159,3
9163,1
9164,1
9165,2
9168,1
9170,4
9171,1
9172,1
9173,2
9176,1
9177,2
9179,2
9181,2
9182,2
9183,2
9190,1
9192,3
9194,1
9197,1
9198,2
9201,1
9202,1
9203,1
9210,1
9213,1
9214,1
9216,1
9218,1
9224,1
9236,1
9238,1
9241,1
9242,1
9243,3
9250,3
9251,1
9253,3
9258,1
9260,1
9263,1
9266,2
9271,2
9272,1
9273,3
9277,1
9278,1
9279,4
9281,1
9282,2
9283,2
9285,2
9286,1
9292,1
9293,2
9294,1
9295,1
9297,1
9298,1
9303,1
9312,1
9314,1
9315,3
9318,2
9319,2
9320,1
9321,1
9322,1
9323,2
9325,2
9326,1
9331,3
9333,3
9335,1
9338,2
9348,1
9355,1
9359,2
9367,1
9379,1
9383,1
9389,1
9404,1
9406,1
9408,1
9409,1
9411,1
9412,2
9416,2
9418,4
9419,1
9422,1
9424,2
9428,2
9430,3
9432,3
9433,2
9435,1
9438,2
9439,3
9442,1
9444,1
9446,1
9447,1
9449,2
9452,1
9455,1
9457,1
9458,1
9461,1
9463,1
9467,2
9468,2
9474,1
9478,1
9479,1
9480,1
9482,3
9483,1
9486,1
9488,1
9489,2
9492,1
9493,1
9494,1
9495,1
9497,1
9499,1
9500,1
9501,1
9505,1
9507,2
9508,1
9512,1
9513,1
9514,3
9516,2
9518,1
9519,4
9520,2
9521,1
9523,2
9525,1
9528,2
9529,2
9530,1
9531,5
9532,1
9534,2
9535,4
9539,1
9541,1
9543,1
9545,1
9546,2
9555,2
9556,1
9557,2
9560,1
9566,2
9567,2
9569,1
9572,1
9576,1
9577,2
9578,2
9579,1
9580,1
9581,1
9585,1
9586,1
9588,1
9589,1
9590,1
9599,1
9602,1
9603,1
9605,1
9607,1
9608,1
9609,1
9610,1
9611,2
9613,1
9616,1
9624,1
9627,1
9628,1
9632,1
9634,1
9637,2
9641,1
9646,1
9649,1
9655,1
9656,1
9657,1
9661,2
9667,1
9669,1
9672,2
9673,1
9674,1
9677,2
9678,1
9679,1
9680,2
9681,1
9683,2
9684,1
9685,1
9687,2
9693,1
9702,2
9705,1
9706,1
9707,1
9708,1
9710,3
9712,2
9717,1
9718,1
9721,1
9724,1
9727,1
9734,1
9736,1
9740,1
9741,1
9742,3
9743,1
9745,1
9746,1
9747,2
9750,1
9751,1
9755,1
9758,2
9760,1
9763,2
9767,2
9769,1
9772,1
9773,1
9775,1
9776,2
9781,1
9784,1
9785,1
9787,3
9789,1
9791,1
9796,1
9797,1
9799,1
9801,1
9805,2
9807,2
9808,1
9811,1
9815,1
9816,1
9817,1
9823,1
9825,1
9829,1
9831,1
9832,2
9836,2
9838,2
9839,2
9842,2
9843,4
9846,1
9847,3
9849,1
9853,1
9855,3
9857,2
9859,1
9860,2
9861,1
9865,2
9867,3
9869,2
9872,1
9873,2
9876,1
9886,1
9888,1
9889,1
9890,1
9892,1
9894,1
9898,1
9899,1
9902,1
9912,1
9913,1
9914,1
9915,2
9919,2
9920,1
9924,1
9926,1
9927,1
9928,1
9930,1
9931,1
9934,1
9936,2
9937,1
9939,1
9941,1
9942,1
9944,2
9945,2
9950,1
9951,1
9954,1
9955,1
9960,1
9963,1
9964,1
9966,1
9967,1
9969,2
9970,1
9976,1
9978,1
9980,2
9985,1
9991,1
9992,1
9997,2
9998,1
9999,1
10003,2
10005,1
10007,1
10009,1
10012,1
10016,1
10018,1
10021,1
10022,1
10023,1
10024,2
10025,1
10026,2
10027,2
10032,1
10033,2
10035,1
10039,1
10041,3
10042,1
10043,1
10044,1
10045,1
10046,1
10047,2
10050,1
10051,2
10052,1
10053,1
10054,2
10055,1
10058,1
10060,1
10061,3
10062,1
10063,1
10067,1
10071,1
10072,2
10073,1
10074,2
10078,1
10081,1
10085,1
10091,1
10095,1
10096,1
10098,2
10099,3
10100,1
10102,1
10104,1
10105,1
10106,1
10107,1
10110,1
10111,3
10113,1
10115,1
10117,1
10118,1
10120,2
10121,2
10127,3
10130,2
10133,2
10134,1
10136,3
10145,1
10146,2
10147,2
10153,3
10154,1
10155,1
10156,1
10158,1
10159,1
10162,1
10166,1
10167,2
10172,1
10174,1
10175,2
10183,3
10184,1
10185,1
10188,1
10189,2
10190,2
10191,1
10195,1
10196,1
10197,1
10198,1
10200,2
10201,1
10203,2
10206,1
10207,2
10209,1
10212,1
10215,1
10216,1
10221,1
10222,1
10223,1
10224,1
10225,1
10226,1
10227,2
10229,1
10231,1
10234,1
10235,1
10236,2
10238,1
10240,1
10241,1
10242,2
10248,3
10249,2
10250,1
10252,1
10253,1
10254,1
10256,2
10257,2
10258,1
10259,2
10260,1
10262,2
10266,3
10268,1
10270,1
10271,1
10272,2
10273,1
10274,3
10275,2
10277,1
10278,1
10282,3
10284,2
10285,2
10289,2
10290,2
10291,1
10293,1
10295,1
10297,3
10299,1
10302,1
10307,1
10310,1
10313,3
10314,1
10315,1
10316,3
10317,1
10318,2
10319,1
10322,1
10324,1
10325,2
10329,1
10330,1
10333,1
10335,2
10337,1
10338,1
10339,1
10340,1
10345,2
10346,2
10347,1
10349,2
10352,1
10353,1
10355,2
10356,1
10357,1
10359,3
10360,2
10361,2
10362,2
10364,1
10375,1
10383,1
10385,1
10395,1
10404,1
10405,1
10406,1
10407,1
10412,1
10413,1
10415,1
10416,1
10419,1
10425,1
10428,1
10432,1
10435,2
10438,2
10440,1
10441,1
10442,1
10446,2
10447,1
10448,1
10450,1
10452,2
10454,3
10456,4
10457,2
10458,1
10459,1
10460,2
10461,1
10462,1
10465,1
10466,1
10467,1
10468,1
10469,2
10470,1
10472,1
10476,2
10479,1
10480,2
10481,3
10485,1
10488,1
10492,1
10493,2
10494,1
10496,1
10499,2
10500,1
10502,3
10506,2
10509,3
10512,2
10513,1
10514,2
10515,1
10518,1
10519,1
10520,1
10521,1
10522,5
10523,1
10525,1
10527,1
10528,1
10529,2
10532,2
10533,2
10536,1
10537,1
10538,2
10542,1
10543,1
10544,2
10545,1
10551,1
10552,2
10554,4
10555,4
10556,3
10558,1
10559,3
10567,1
10568,1
10569,1
10570,4
10572,2
10573,2
10576,1
10577,1
10580,1
10581,1
10585,1
10589,2
10591,1
10592,2
10597,2
10599,1
10601,3
10602,1
10603,1
10604,1
10605,1
10607,1
10608,2
10609,2
10610,1
10611,2
10612,3
10613,2
10616,1
10618,1
10619,1
10620,2
10622,1
10623,1
10626,1
10630,1
10636,1
10639,1
10642,1
10644,1
10647,1
10651,2
10653,1
10656,1
10662,4
10665,1
10671,1
10672,1
10681,1
10682,2
10694,1
10696,1
10699,1
10702,2
10703,1
10705,1
10707,1
10710,1
10711,1
10713,1
10716,2
10718,2
10724,1
10728,2
10734,2
10738,1
10739,1
10741,1
10743,1
10744,1
10745,1
10746,1
10747,1
10749,1
10751,2
10756,1
10761,1
10763,1
10766,2
10767,2
10768,1
10769,1
10771,1
10772,1
10778,1
10779,1
10781,1
10783,2
10784,2
10788,1
10790,1
10791,1
10793,1
10796,1
10797,1
10801,1
10802,1
10803,1
10804,2
10806,1
10808,1
10809,1
10811,1
10813,2
10818,1
10819,1
10821,1
10822,1
10823,1
10826,1
10828,2
10829,1
10831,2
10832,3
10835,1
10839,1
10840,1
10841,1
10844,1
10852,1
10853,1
10857,3
10859,1
10860,1
10863,2
10864,1
10865,1
10866,1
10867,3
10869,1
10872,1
10876,1
10880,1
10882,1
10883,2
10885,1
10886,1
10891,1
10892,1
10895,1
10897,1
10903,1
10907,1
10913,2
10918,3
10923,2
10926,1
10927,1
10930,1
10938,1
10939,1
10940,1
10942,2
10943,1
10948,2
10950,1
10951,1
10952,1
10956,1
10960,1
10961,1
10962,1
10964,1
10969,1
10972,1
10974,1
10976,2
10979,1
10984,1
10989,1
10990,1
10991,2
10993,2
11003,1
11006,2
11015,1
11016,1
11017,1
11018,1
11019,1
11022,2
11023,2
11024,2
11025,2
11026,1
11027,2
11028,2
11029,1
11030,1
11031,1
11033,1
11035,1
11037,1
11039,1
11040,2
11041,1
11045,1
11048,2
11049,1
11050,2
11053,2
11057,1
11061,1
11063,2
11065,2
11067,3
11070,1
11071,4
11073,1
11079,1
11081,1
11083,1
11084,1
11085,4
11086,1
11087,2
11088,3
11090,2
11091,1
11092,1
11093,1
11095,1
11096,2
11097,3
11098,1
11101,1
11102,1
11105,1
11107,2
11109,2
11117,1
11118,5
11120,3
11121,2
11122,3
11124,1
11126,1
11128,2
11130,1
11134,2
11135,2
11139,1
11145,2
11147,1
11151,1
11153,1
11154,1
11159,1
11160,2
11164,1
11169,1
11170,3
11172,1
11173,2
11174,1
11176,1
11177,1
11179,1
11180,1
11185,1
11187,1
11191,1
11192,1
11193,1
11195,1
11196,1
11198,2
11199,1
11209,1
11212,1
11213,2
11215,2
11216,1
11222,1
11224,2
11227,1
11236,1
11237,1
11239,1
11241,1
11246,2
11247,2
11250,1
11253,1
11254,1
11256,1
11258,1
11260,1
11271,1
11272,1
11274,1
11275,2
11279,2
11280,1
11286,2
11289,1
11292,1
11293,1
11295,1
11296,1
11298,3
11301,3
11303,1
11306,1
11308,1
11322,1
11324,1
11326,2
11327,1
11331,1
11333,1
11334,1
11337,1
11338,1
11339,1
11341,1
11342,1
11343,2
11345,1
11346,1
11349,3
11354,1
11359,1
11362,1
11364,1
11369,2
11370,2
11371,1
11373,1
11374,1
11379,3
11380,3
11383,5
11384,2
11385,2
11389,1
11390,2
11392,3
11394,1
11401,1
11405,1
11406,1
11408,1
11409,1
11410,1
11411,1
11419,2
11426,1
11427,2
11429,2
11435,1
11438,1
11440,1
11443,1
11450,1
11452,2
11456,1
11459,1
11461,2
11463,1
11465,2
11466,2
11468,1
11469,1
11470,4
11472,2
11473,1
11475,1
11479,1
11480,1
11482,1
11485,1
11486,2
11489,2
11490,3
11491,1
11494,1
11495,1
11496,1
11502,1
11503,2
11505,5
11506,2
11508,1
11509,3
11511,1
11515,1
11517,1
11523,1
11524,1
11526,1
11530,1
11531,1
11533,1
11534,1
11538,2
11540,1
11541,1
11542,2
11545,1
11546,2
11551,1
11555,2
11556,2
11558,1
11559,1
11562,1
11563,2
11564,2
11565,2
11566,2
11567,1
11568,1
11569,1
11570,1
11571,1
11572,1
11576,1
11577,2
11579,2
11580,1
11581,1
11586,3
11587,1
11596,2
11597,4
11600,2
11605,2
11608,1
11609,1
11610,1
11611,2
11615,1
11617,1
11620,3
11622,1
11623,1
11624,1
11626,1
11629,1
11630,2
11632,1
11633,1
11635,2
11636,2
11642,1
11647,1
11652,1
11653,1
11659,1
11662,1
11663,2
11664,1
11666,1
11667,3
11669,1
11671,2
11673,1
11676,2
11683,1
11684,1
11685,2
11687,1
11689,1
11690,1
11693,2
11694,1
11695,3
11696,1
11697,2
11699,3
11701,1
11702,1
11703,1
11704,1
11705,1
11706,1
11707,3
11715,1
11717,1
11718,1
11719,1
11720,1
11722,1
11723,2
11726,1
11727,2
11728,2
11729,1
11730,1
11731,2
11736,2
11737,1
11738,3
11742,3
11743,1
11744,1
11745,1
11748,1
11752,1
11753,3
11755,2
11756,1
11757,1
11758,2
11759,1
11761,2
11763,2
11766,1
11767,2
11769,1
11770,3
11772,2
11773,1
11785,1
11787,3
11788,1
11789,3
11790,1
11793,1
11798,2
11801,1
11807,2
11813,4
11814,2
11815,3
11816,1
11822,1
11831,1
11833,4
11835,2
11837,1
11838,1
11839,2
11849,1
11850,1
11853,1
11857,1
11858,1
11861,1
11863,1
11864,1
11865,1
11867,1
11871,1
11872,1
11873,1
11874,1
11877,1
11883,1
11884,1
11888,1
11890,1
11891,1
11892,2
11893,1
11895,1
11896,1
11898,1
11900,1
11901,1
11902,1
11909,1
11910,1
11912,1
11915,3
11919,2
11920,1
11923,2
11924,1
11927,1
11930,1
11931,1
11933,2
11938,1
11939,1
11940,1
11942,3
11944,1
11947,1
11949,1
11950,3
11951,1
11962,1
11964,1
11968,1
11970,1
11971,3
11975,1
11976,1
11978,1
11980,1
11981,2
11982,1
11986,1
11987,2
11988,1
11989,1
11992,2
11998,1
11999,1
12002,2
12004,1
12007,1
12010,1
12011,1
12012,1
12013,1
12014,1
12016,1
12017,3
12018,1
12024,1
12026,1
12027,1
12028,1
12030,2
12031,2
12040,2
12043,1
12045,2
12046,2
12047,3
12048,4
12049,3
12051,2
12052,1
12053,1
12054,3
12056,1
12057,1
12058,1
12061,1
12062,2
12065,1
12072,1
12073,1
12078,1
12081,1
12087,1
12089,1
12090,1
12091,2
12093,1
12094,1
12095,2
12098,1
12099,1
12100,1
12102,2
12103,1
12104,2
12106,1
12108,2
12109,1
12111,1
12112,1
12114,1
12116,1
12120,2
12121,2
12125,1
12128,2
12131,1
12132,1
12139,3
12140,1
12141,1
12143,1
12144,1
12145,2
12146,2
12147,1
12148,4
12150,1
12152,3
12154,1
12155,3
12156,2
12158,2
12159,3
12162,2
12169,3
12172,1
12173,2
12175,1
12176,1
12181,2
12183,2
12184,2
12189,2
12191,2
12193,1
12196,1
12197,2
12200,1
12203,1
12204,1
12206,1
12207,2
12213,1
12217,2
12220,1
12221,1
12222,2
12224,2
12225,1
12232,1
12233,2
12236,2
12237,3
12238,1
12240,1
12241,2
12242,1
12244,3
12245,1
12246,2
12248,2
12249,1
12250,2
12251,3
12253,1
12255,2
12268,1
12273,1
12275,2
12276,1
12282,1
12289,2
12290,1
12292,1
12297,4
12298,1
12299,1
12300,1
12301,1
12302,4
12303,3
12305,2
12306,1
12309,2
12313,1
12314,3
12319,3
12321,1
12322,1
12323,1
12328,1
12332,1
12335,1
12337,2
12338,1
12340,1
12341,1
12342,1
12343,1
12344,1
12345,2
12347,1
12349,1
12351,3
12352,1
12355,1
12357,2
12358,2
12360,3
12367,1
12369,2
12370,1
12372,3
12375,1
12378,2
12380,1
12384,1
12387,4
12388,1
12390,1
12392,1
12394,1
12397,3
12398,3
12400,1
12402,2
12403,4
12404,1
12406,1
12407,3
12408,1
12409,1
12410,2
12411,1
12412,1
12413,1
12415,1
12417,1
12420,1
12427,1
12430,1
12431,2
12436,1
12441,1
12443,2
12446,2
12451,1
12459,1
12463,1
12464,2
12466,1
12467,2
12480,1
12481,1
12484,1
12486,1
12487,1
12488,1
12489,3
12490,1
12491,1
12494,2
12495,1
12496,1
12500,1
12501,2
12502,1
12504,2
12505,1
12507,1
12509,1
12510,1
12511,1
12514,1
12518,1
12520,1
12521,1
12526,2
12527,2
12528,1
12530,1
12532,2
12533,3
12538,1
12540,1
12541,1
12543,1
12544,2
12546,1
12550,1
12552,1
12554,4
12555,1
12558,2
12560,2
12561,1
12562,1
12564,1
12567,1
12569,1
12570,1
12571,1
12574,1
12575,1
12577,1
12578,1
12579,1
12580,2
12586,2
12588,3
12590,4
12591,2
12593,1
12600,1
12601,1
12602,1
12603,1
12604,1
12606,1
12607,2
12611,2
12613,2
12615,1
12617,1
12618,1
12621,2
12622,1
12626,1
12627,1
12629,1
12633,2
12634,1
12637,1
12638,1
12639,1
12641,1
12643,1
12645,1
12646,1
12653,1
12656,1
12657,1
12658,2
12660,1
12662,1
12663,1
12666,1
12667,1
12671,1
12679,1
12681,1
12682,1
12684,1
12688,1
12689,1
12690,1
12691,4
12692,1
12695,1
12697,1
12700,2
12709,1
12713,2
12719,1
12721,1
12722,1
12729,1
12742,3
12743,2
12747,3
12750,3
12751,1
12752,1
12755,1
12758,1
12760,2
12761,1
12764,2
12765,1
12766,1
12772,4
12775,1
12776,1
12777,2
12778,1
12779,1
12780,1
12781,1
12782,3
12783,3
12785,1
12786,1
12787,2
12790,1
12793,2
12794,2
12798,1
12799,1
12808,1
12809,1
12811,3
12813,3
12814,1
12817,1
12819,1
12820,1
12822,1
12826,2
12827,1
12828,1
12829,1
12830,2
12831,1
12832,2
12834,1
12835,2
12837,1
12838,2
12839,2
12842,1
12843,3
12848,1
12849,3
12854,1
12856,1
12857,1
12861,1
12863,1
12865,1
12866,1
12867,1
12868,1
12869,2
12870,1
12878,1
12881,1
12885,2
12887,1
12888,1
12891,1
12895,1
12901,3
12903,1
12904,1
12905,1
12909,1
12910,1
12911,2
12914,1
12915,1
12919,1
12921,1
12927,1
12929,2
12933,1
12934,1
12936,1
12944,1
12945,2
12946,1
12954,2
12960,1
12966,1
12971,1
12976,1
12982,1
12984,1
12987,1
12988,2
12990,1
12991,1
12994,1
12995,2
12999,1
13000,1
13002,1
13003,1
13004,1
13007,2
13008,1
13009,1
13013,1
13016,3
13020,1
13022,1
13023,1
13024,2
13026,2
13030,1
13033,1
13034,1
13036,2
13037,1
13038,1
13040,1
13041,2
13042,1
13043,1
13051,1
13061,1
13063,2
13064,1
13065,1
13066,2
13067,2
13069,1
13070,1
13071,2
13072,2
13073,2
13075,1
13079,1
13080,1
13081,1
13085,2
13086,1
13087,3
13088,2
13093,1
13098,1
13101,1
13103,1
13106,2
13112,1
13113,2
13114,1
13115,1
13116,1
13119,1
13122,1
13123,1
13124,1
13126,2
13127,1
13128,1
13132,3
13135,1
13139,1
13143,1
13144,3
13145,1
13146,3
13150,1
13152,4
13153,4
13156,1
13159,1
13160,1
13163,2
13166,1
13168,2
13169,1
13170,2
13172,1
13175,1
13176,2
13177,2
13178,2
13179,1
13182,1
13183,3
13184,1
13185,1
13187,1
13188,1
13189,1
13190,1
13191,2
13193,3
13196,1
13197,1
13199,3
13202,2
13203,1
13211,1
13212,3
13215,2
13218,2
13219,1
13220,1
13225,1
13228,1
13231,2
13232,1
13233,1
13234,1
13237,1
13239,1
13240,1
13241,1
13244,1
13246,1
13248,1
13249,2
13250,2
13251,1
13252,1
13254,1
13255,2
13263,1
13265,1
13266,2
13270,2
13272,1
13273,1
13278,1
13279,1
13281,2
13284,1
13286,1
13290,1
13292,1
13294,3
13295,1
13297,1
13298,2
13299,1
13300,1
13303,1
13308,1
13310,2
13313,1
13318,1
13319,2
13320,1
13325,1
13326,2
13330,2
13331,2
13333,1
13335,1
13339,1
13346,1
13347,3
13348,2
13349,3
13355,2
13358,1
13362,1
13369,2
13371,2
13379,1
13381,1
13384,1
13386,2
13388,1
13389,1
13390,1
13391,1
13395,2
13397,2
13398,1
13399,1
13401,1
13403,1
13405,1
13406,1
13407,1
13409,1
13410,1
13411,3
13412,1
13413,1
13415,1
13418,1
13421,1
13422,1
13424,2
13425,1
13427,3
13428,1
13430,1
13431,2
13432,1
13438,1
13439,1
13440,1
13441,1
13446,1
13447,1
13448,1
13449,1
13451,1
13454,1
13456,1
13457,1
13459,1
13472,1
13476,1
13478,1
13480,3
13482,1
13498,1
13504,1
13507,1
13508,2
13510,1
13514,5
13515,1
13516,2
13517,1
13518,2
13519,3
13520,2
13522,1
13525,1
13528,5
13529,1
13531,1
13532,1
13534,5
13535,1
13538,1
13539,1
13542,2
13544,1
13545,1
13546,1
13549,1
13551,4
13552,2
13555,1
13556,2
13557,2
13560,1
13563,1
13568,1
13570,2
13571,1
13574,2
13575,1
13578,1
13579,1
13580,1
13583,1
13585,1
13589,2
13591,1
13592,1
13593,1
13594,2
13599,2
13601,2
13603,1
13604,1
13605,1
13606,1
13608,2
13609,1
13610,4
13612,4
13614,1
13615,2
13617,4
13618,3
13625,1
13626,3
13627,5
13628,2
13629,1
13630,1
13631,1
13635,2
13637,1
13644,1
13645,2
13649,2
13651,3
13653,1
13656,4
13657,1
13662,2
13664,1
13665,1
13667,1
13670,1
13672,2
13674,3
13675,1
13676,1
13677,2
13678,2
13680,2
13681,2
13682,1
13686,1
13690,1
13691,2
13695,1
13696,1
13702,1
13703,2
13704,1
13705,1
13706,1
13707,1
13709,1
13710,2
13716,1
13719,1
13720,1
13728,2
13730,1
13732,1
13738,2
13746,1
13748,1
13750,1
13752,1
13753,1
13755,2
13758,1
13760,1
13765,1
13766,1
13769,1
13771,2
13774,3
13775,1
13778,1
13780,1
13783,3
13784,2
13785,2
13788,1
13789,2
13790,1
13793,1
13797,1
13798,1
13800,1
13801,1
13803,1
13804,3
13806,3
13807,2
13809,1
13810,1
13813,2
13815,1
13816,1
13817,2
13818,1
13819,2
13826,1
13827,1
13829,1
13833,2
13837,2
13839,1
13840,1
13841,2
13844,1
13845,1
13847,1
13851,2
13852,2
13853,1
13854,1
13858,1
13862,2
13863,3
13864,2
13866,1
13867,1
13869,1
13872,1
13873,2
13875,1
13879,1
13880,1
13881,1
13882,1
13883,2
13885,1
13887,4
13889,1
13890,1
13892,2
13893,2
13894,1
13895,2
13901,3
13902,2
13903,2
13904,1
13905,1
13907,1
13909,1
13910,1
13912,1
13915,1
13920,1
13922,1
13923,1
13925,1
13927,1
13930,1
13931,1
13934,3
13935,4
13937,1
13938,1
13941,1
13942,1
13943,2
13945,2
13949,1
13951,1
13953,3
13955,1
13956,1
13957,2
13958,1
13963,1
13967,1
13968,2
13972,3
13973,1
13974,1
13985,1
13988,1
13994,1
13996,2
14009,1
14014,1
14016,1
14023,2
14031,1
14032,1
14034,1
14035,1
14036,2
14038,1
14041,2
14046,1
14054,1
14060,2
14061,2
14062,2
14064,1
14066,1
14067,1
14069,1
14070,1
14072,1
14075,2
14076,1
14079,1
14081,1
14082,1
14087,2
14091,1
14094,1
14095,3
14096,1
14097,2
14098,1
14099,1
14101,1
14103,1
14105,1
14108,1
14109,1
14111,1
14112,2
14114,1
14117,3
14119,1
14120,2
14121,1
14122,1
14126,1
14127,2
14132,1
14135,1
14136,4
14137,3
14138,1
14139,3
14140,1
14141,1
14142,1
14143,1
14145,2
14146,2
14147,1
14150,4
14151,2
14153,2
14156,4
14157,1
14158,2
14159,3
14160,1
14161,1
14163,3
14166,1
14169,2
14170,1
14171,1
14172,1
14175,1
14176,1
14179,1
14180,1
14181,1
14184,1
14186,1
14187,1
14189,3
14191,1
14192,3
14193,1
14195,1
14196,2
14197,1
14200,3
14207,1
14208,1
14209,1
14211,2
14214,5
14215,2
14217,4
14218,1
14220,1
14221,1
14223,1
14226,1
14227,1
14228,1
14231,1
14232,2
14235,2
14236,2
14239,1
14241,2
14243,1
14247,1
14249,2
14250,1
14258,1
14261,1
14263,2
14265,2
14266,3
14267,1
14270,1
14271,1
14272,1
14274,2
14275,1
14278,1
14279,1
14280,1
14287,1
14289,1
14292,1
14293,1
14298,1
14303,1
14306,1
14311,1
14312,2
14313,1
14316,1
14317,2
14318,1
14319,1
14320,1
14321,1
14323,2
14325,1
14327,3
14330,2
14331,2
14334,2
14335,1
14336,1
14338,1
14340,1
14344,1
14346,1
14350,3
14353,2
14354,1
14355,1
14357,1
14359,1
14361,2
14363,1
14365,2
14367,1
14368,1
14369,3
14370,2
14371,1
14373,2
14375,1
14378,1
14380,1
14381,1
14383,1
14385,3
14386,1
14387,1
14390,1
14392,1
14394,1
14397,2
14398,1
14400,1
14402,1
14406,1
14409,2
14412,1
14414,3
14415,1
14416,1
14417,1
14418,3
14419,1
14421,1
14425,1
14429,1
14431,1
14432,1
14434,2
14435,1
14440,3
14442,2
14445,1
14446,3
14448,1
14449,1
14451,4
14452,1
14454,1
14455,3
14458,2
14459,1
14463,1
14468,1
14469,1
14470,1
14473,1
14475,1
14479,2
14480,1
14482,1
14484,2
14485,1
14489,1
14490,1
14491,2
14494,1
14498,1
14499,1
14504,2
14509,1
14510,1
14511,1
14515,1
14517,1
14528,2
14529,1
14533,1
14534,1
14535,1
14537,1
14538,2
14539,2
14540,1
14541,1
14542,3
14543,4
14544,2
14545,1
14546,3
14549,2
14550,2
14552,2
14553,3
14555,1
14557,2
14558,4
14566,2
14569,1
14572,1
14576,4
14578,1
14580,2
14581,2
14585,1
14595,1
14602,2
14609,1
14610,1
14612,2
14614,1
14615,1
14618,1
14619,2
14621,1
14623,1
14626,1
14627,1
14630,1
14633,2
14634,3
14638,2
14639,1
14640,3
14641,1
14642,1
14645,1
14649,1
14650,1
14651,3
14654,2
14655,5
14660,1
14661,1
14664,3
14665,3
14666,2
14669,4
14675,1
14685,1
14691,1
14694,1
14697,2
14699,1
14702,1
14704,3
14705,2
14707,3
14709,1
14711,2
14714,2
14715,2
14716,1
14719,2
14727,1
14729,1
14730,1
14731,1
14738,1
14739,2
14748,1
14754,1
14757,2
14761,1
14762,1
14765,1
14766,1
14767,1
14769,2
14770,1
14771,1
14774,1
14777,1
14778,1
14779,1
14785,1
14787,1
14793,1
14795,3
14796,1
14798,1
14799,1
14801,2
14802,1
14805,1
14807,2
14808,1
14811,1
14812,2
14814,1
14821,1
14824,3
14825,2
14826,3
14827,1
14828,2
14829,1
14831,2
14832,3
14833,4
14834,2
14836,3
14838,1
14841,1
14843,2
14844,2
14847,3
14850,1
14856,2
14857,1
14858,1
14862,1
14863,1
14865,1
14868,1
14870,2
14875,1
14879,1
14880,2
14881,2
14883,2
14885,1
14886,2
14887,1
14889,1
14892,1
14893,2
14896,1
14897,2
14898,1
14900,2
14901,3
14904,1
14905,1
14907,3
14909,4
14911,4
14914,3
14916,1
14917,1
14923,1
14924,2
14926,1
14932,1
14933,1
14945,1
14949,1
14958,1
14959,1
14961,1
14963,2
14968,2
14970,2
14975,3
14981,1
14982,2
14983,1
14986,1
14987,1
14992,1
14993,1
14998,1
15000,1
15001,1
15004,1
15006,1
15009,1
15010,1
15012,1
15014,1
15019,2
15020,1
15021,1
15024,1
15026,2
15031,1
15033,1
15034,3
15035,1
15038,1
15040,3
15044,1
15046,3
15047,4
15048,1
15051,1
15052,1
15053,2
15054,1
15055,1
15056,5
15057,1
15058,1
15059,2
15061,2
15064,1
15065,2
15066,1
15068,1
15070,3
15071,1
15074,1
15079,1
15080,1
15084,1
15085,2
15086,1
15089,1
15090,1
15091,1
15093,1
15096,1
15099,1
15103,1
15104,1
15108,1
15112,1
15113,1
15114,1
15118,1
15120,1
15121,1
15123,2
15124,1
15127,2
15128,1
15129,1
15131,1
15133,1
15134,2
15135,2
15136,1
15139,1
15141,3
15142,1
15143,1
15144,4
15145,1
15146,1
15150,1
15153,2
15155,1
15159,1
15160,2
15161,1
15162,1
15163,2
15164,3
15165,3
15167,1
15170,1
15173,1
15174,1
15176,1
15177,1
15180,3
15181,1
15183,1
15184,1
15186,1
15188,1
15189,1
15190,1
15193,3
15194,2
15197,2
15200,2
15204,2
15208,2
15209,1
15211,1
15213,2
15214,3
15215,1
15217,2
15220,1
15221,1
15222,1
15224,1
15225,1
15226,3
15227,1
15230,1
15231,2
15232,2
15235,4
15238,1
15241,2
15247,3
15249,2
15250,1
15251,2
15260,1
15263,1
15264,2
15265,1
15267,1
15269,1
15273,1
15275,1
15276,1
15279,1
15282,1
15287,1
15291,1
15294,1
15296,1
15298,1
15303,4
15304,3
15305,2
15308,1
15310,1
15312,1
15313,1
15316,2
15318,2
15321,1
15323,1
15324,1
15328,1
15331,1
15336,1
15341,1
15342,1
15343,1
15345,1
15346,2
15350,1
15355,1
15360,2
15363,1
15368,1
15369,1
15371,1
15372,1
15383,1
15384,1
15387,3
15389,2
15391,1
15394,2
15395,1
15398,1
15404,1
15409,1
15410,2
15411,1
15414,1
15417,2
15418,2
15419,2
15420,1
15422,1
15423,1
15424,1
15428,1
15429,1
15430,1
15433,1
15435,1
15436,4
15439,3
15441,4
15443,1
15446,2
15447,1
15448,1
15453,1
15456,2
15459,2
15463,1
15465,1
15468,1
15469,1
15470,1
15471,1
15472,1
15475,2
15476,3
15477,1
15479,3
15481,1
15483,1
15484,1
15485,1
15486,1
15487,1
15488,2
15493,1
15495,1
15497,1
15513,1
15515,1
15524,1
15526,1
15536,1
15542,1
15545,1
15546,1
15551,1
15555,3
15556,1
15559,1
15560,1
15562,1
15563,2
15566,2
15567,2
15568,5
15570,1
15574,1
15576,1
15577,1
15578,1
15579,5
15581,2
15582,2
15584,1
15590,3
15595,1
15596,1
15599,1
15600,2
15602,2
15605,1
15609,1
15611,1
15617,2
15619,2
15626,2
15629,1
15630,2
15631,1
15634,3
15635,2
15636,2
15638,1
15641,1
15642,1
15643,2
15644,1
15645,1
15647,1
15648,1
15649,1
15651,2
15656,2
15658,4
15659,1
15660,2
15663,2
15664,2
15665,3
15667,1
15669,1
15672,1
15674,2
15675,2
15678,1
15679,2
15682,1
15683,1
15685,1
15687,1
15688,3
15689,2
15692,1
15693,3
15701,2
15703,1
15705,1
15706,1
15708,1
15711,2
15713,2
15716,2
15720,1
15721,1
15722,2
15726,1
15729,1
15730,2
15731,1
15732,4
15733,1
15735,1
15736,1
15738,1
15739,3
15744,1
15745,1
15746,1
15747,1
15750,1
15751,2
15755,1
15759,1
15760,1
15763,2
15764,1
15777,1
15778,1
15780,1
15782,1
15787,1
15795,1
15798,1
15801,1
15805,1
15806,1
15809,2
15813,1
15814,2
15819,1
15822,2
15824,1
15826,1
15827,1
15831,2
15832,3
15833,1
15834,2
15835,1
15836,1
15837,2
15838,1
15840,1
15846,1
15851,2
15852,1
15853,1
15857,3
15859,1
15862,1
15863,1
15864,1
15868,1
15874,2
15879,1
15880,2
15881,2
15883,1
15885,2
15886,2
15887,1
15889,4
15892,1
15893,1
15894,1
15895,1
15898,1
15899,1
15901,1
15902,1
15903,2
15904,1
15905,1
15906,1
15907,1
15911,1
15915,1
15917,1
15920,2
15925,1
15926,1
15929,4
15931,2
15933,3
15934,1
15935,4
15937,1
15940,1
15943,1
15948,1
15949,1
15951,2
15958,1
15960,2
15961,1
15967,1
15975,1
15977,3
15978,1
15979,2
15980,1
15982,1
15985,1
15987,1
15991,2
15994,1
15995,1
16000,2
16001,1
16002,2
16003,1
16004,2
16005,1
16007,1
16008,1
16009,2
16011,1
16013,1
16016,1
16018,1
16020,1
16022,1
16033,1
16034,1
16035,1
16036,1
16037,1
16038,1
16043,2
16045,1
16050,1
16056,1
16059,2
16060,1
16062,1
16063,1
16064,2
16066,1
16067,2
16069,1
16070,2
16072,1
16076,1
16077,1
16079,2
16080,2
16081,1
16082,1
16083,1
16085,3
16087,1
16088,1
16089,2
16094,1
16095,1
16097,1
16100,1
16103,2
16112,1
16113,1
16117,2
16121,1
16122,1
16134,1
16141,1
16142,1
16143,2
16145,2
16149,2
16152,1
16155,1
16159,1
16160,1
16163,1
16165,4
16168,2
16169,2
16170,1
16175,1
16177,3
16178,1
16183,1
16184,1
16185,1
16187,1
16188,2
16189,2
16190,1
16191,3
16192,1
16193,2
16194,2
16195,1
16196,1
16197,3
16198,1
16199,1
16205,1
16207,1
16210,1
16216,1
16217,1
16218,1
16222,2
16225,1
16227,1
16234,1
16235,1
16236,1
16238,1
16239,1
16240,1
16242,3
16244,6
16246,1
16248,2
16249,3
16250,3
16251,2
16254,3
16255,2
16257,1
16258,2
16259,2
16263,1
16268,1
16269,1
16271,3
16273,1
16274,1
16275,1
16276,1
16278,1
16280,1
16282,1
16285,1
16288,1
16289,2
16290,2
16294,1
16297,1
16300,1
16301,1
16302,1
16303,1
16306,1
16312,1
16313,2
16314,2
16317,1
16318,1
16320,1
16322,2
16323,1
16324,1
16327,2
16328,3
16329,4
16334,3
16335,1
16338,1
16339,1
16340,2
16344,1
16345,3
16346,1
16347,3
16348,1
16349,1
16350,2
16351,3
16353,1
16365,1
16366,1
16368,1
16369,2
16370,1
16373,1
16379,1
16381,1
16385,1
16388,2
16393,4
16394,1
16395,1
16396,1
16398,2
16400,1
16402,1
16407,3
16410,2
16412,1
16415,5
16417,1
16418,1
16420,1
16421,2
16426,2
16427,1
16429,1
16433,3
16434,3
16438,1
16441,2
16443,1
16446,2
16447,2
16448,1
16449,1
16451,2
16453,1
16454,1
16455,1
16456,1
16457,1
16459,1
16460,2
16461,1
16462,2
16464,1
16465,2
16467,1
16469,1
16472,2
16473,1
16475,1
16479,2
16481,1
16483,3
16484,1
16488,1
16490,1
16491,2
16493,3
16494,2
16498,1
16500,3
16502,1
16506,1
16509,3
16510,1
16513,1
16514,1
16519,1
16522,1
16523,2
16526,2
16530,1
16533,1
16537,1
16539,1
16555,1
16556,1
16560,2
16563,2
16566,2
16569,1
16576,2
16580,1
16582,1
16583,2
16584,1
16585,1
16590,2
16592,1
16594,1
16595,1
16597,2
16600,3
16601,2
16602,1
16604,1
16605,1
16606,1
16607,1
16608,1
16610,1
16611,2
16612,1
16619,1
16620,1
16624,3
16630,1
16639,1
16646,2
16648,2
16650,2
16651,2
16653,1
16654,2
16656,1
16657,2
16658,1
16660,2
16663,2
16664,1
16666,1
16668,1
16671,2
16673,1
16674,1
16676,1
16677,1
16679,1
16682,1
16684,4
16687,2
16688,1
16689,2
16690,1
16693,1
16694,1
16696,1
16697,3
16698,3
16702,3
16703,5
16707,1
16711,2
16714,2
16716,1
16720,1
16725,2
16728,1
16729,1
16730,2
16735,1
16737,2
16740,1
16742,1
16743,1
16745,2
16748,1
16750,1
16752,2
16754,3
16756,1
16758,1
16759,2
16760,1
16762,1
16767,1
16770,1
16772,2
16774,2
16776,1
16777,1
16779,1
16782,2
16786,1
16787,2
16804,1
16805,3
16808,1
16810,1
16811,1
16813,1
16814,1
16815,2
16819,1
16822,1
16823,1
16827,3
16828,1
16832,1
16835,1
16839,1
16840,1
16843,1
16846,2
16847,1
16849,1
16851,1
16853,1
16854,1
16855,1
16856,3
16857,1
16861,2
16864,1
16868,2
16870,2
16872,2
16873,2
16875,1
16877,1
16878,1
16879,1
16881,2
16882,1
16883,1
16885,2
16887,1
16888,1
16889,1
16890,1
16891,2
16893,1
16895,1
16897,1
16899,1
16903,1
16904,1
16905,1
16907,1
16908,1
16909,1
16911,2
16913,1
16916,1
16925,1
16926,1
16927,2
16928,1
16929,3
16931,1
16933,1
16934,2
16939,1
16941,1
16947,1
16954,1
16955,3
16957,2
16964,1
16965,2
16966,1
16970,2
16971,1
16973,1
16974,1
16975,1
16977,1
16981,1
16982,1
16985,1
16991,1
16992,1
16996,1
16997,2
16998,1
16999,1
17006,1
17007,1
17011,1
17014,1
17015,1
17020,2
17023,1
17024,1
17030,1
17034,1
17038,1
17039,1
17040,1
17041,3
17042,1
17044,1
17050,1
17054,4
17055,1
17057,1
17058,1
17071,1
17073,2
17079,1
17080,1
17086,1
17087,1
17091,1
17095,2
17096,1
17104,1
17105,1
17109,1
17111,1
17113,2
17114,1
17120,2
17122,1
17125,1
17134,1
17135,1
17137,1
17139,1
17154,1
17159,2
17160,1
17163,1
17164,1
17166,2
17168,1
17169,3
17171,2
17173,1
17174,1
17176,1
17181,2
17182,1
17185,1
17186,1
17189,4
17190,3
17192,2
17194,4
17195,1
17198,1
17208,1
17209,1
17210,2
17214,1
17216,1
17221,1
17222,3
17223,1
17228,3
17229,1
17231,2
17237,1
17238,1
17241,2
17242,1
17248,1
17249,1
17251,1
17253,1
17254,1
17255,1
17259,1
17261,2
17262,3
17263,1
17264,6
17265,2
17266,4
17267,1
17268,1
17270,1
17274,1
17275,1
17278,1
17281,1
17283,1
17289,1
17292,2
17295,2
17296,1
17297,1
17298,1
17299,1
17301,1
17307,1
17308,2
17316,1
17317,2
17320,1
17321,1
17323,1
17324,2
17325,1
17327,4
17336,1
17338,1
17341,1
17344,2
17345,1
17346,1
17350,1
17351,3
17353,1
17356,1
17357,1
17358,1
17359,3
17362,1
17363,1
17364,1
17365,1
17367,1
17368,1
17369,2
17370,1
17375,2
17382,1
17387,1
17389,1
17390,2
17391,1
17392,1
17394,1
17395,1
17402,1
17409,1
17410,1
17412,1
17415,1
17416,3
17417,1
17418,1
17421,1
17422,2
17424,1
17425,1
17427,1
17429,1
17430,1
17434,2
17435,1
17436,1
17438,1
17439,1
17441,2
17442,3
17445,1
17446,1
17447,1
17450,2
17452,1
17454,1
17457,1
17461,2
17465,2
17466,1
17469,1
17470,1
17471,1
17472,1
17477,3
17478,2
17480,2
17484,4
17485,1
17487,1
17492,1
17493,2
17494,1
17495,1
17496,1
17503,1
17505,4
17506,2
17507,2
17508,1
17512,3
17513,2
17514,1
17515,1
17518,2
17521,1
17523,3
17528,2
17529,1
17530,1
17534,1
17535,1
17536,1
17538,1
17543,1
17545,1
17550,1
17552,1
17554,1
17555,2
17561,2
17566,1
17579,1
17587,1
17590,1
17593,1
17601,1
17604,4
17606,1
17610,3
17611,1
17614,2
17615,2
17618,1
17624,4
17625,3
17626,1
17629,1
17630,2
17633,1
17636,1
17638,2
17640,1
17641,1
17644,1
17647,2
17649,3
17650,1
17652,1
17653,2
17654,1
17656,1
17659,1
17662,1
17666,2
17667,1
17670,2
17672,1
17675,1
17677,1
17678,3
17679,2
17680,1
17681,1
17685,1
17686,2
17688,2
17690,1
17691,2
17697,1
17698,2
17699,1
17702,1
17703,1
17706,1
17707,2
17712,1
17713,1
17718,1
17720,1
17721,1
17723,2
17726,2
17727,3
17730,1
17731,1
17733,1
17737,1
17741,3
17744,1
17745,1
17749,2
17752,3
17753,1
17759,1
17761,3
17763,1
17764,1
17766,2
17767,3
17768,1
17770,1
17771,1
17774,1
17779,1
17780,1
17786,2
17787,2
17792,2
17795,1
17796,1
17798,1
17799,2
17801,2
17803,1
17806,2
17807,1
17808,1
17810,3
17811,1
17812,1
17814,1
17815,1
17816,2
17819,1
17820,1
17828,1
17830,1
17833,1
17834,1
17835,1
17837,1
17838,2
17839,1
17841,1
17842,1
17846,1
17849,1
17850,1
17851,1
17857,1
17859,1
17861,1
17862,2
17867,1
17870,1
17874,1
17875,1
17877,1
17878,2
17879,2
17880,2
17881,1
17882,1
17885,1
17886,3
17887,1
17888,1
17892,1
17895,1
17896,5
17897,2
17898,1
17900,3
17902,2
17906,1
17909,2
17910,1
17911,2
17912,2
17913,1
17915,1
17919,2
17921,1
17923,1
17925,1
17933,1
17934,1
17942,1
17943,1
17946,3
17947,1
17949,1
17951,1
17952,2
17957,4
17958,3
17959,2
17960,1
17961,3
17969,2
17970,1
17973,1
17976,1
17977,3
17981,2
17983,4
17987,1
17998,1
17999,1
18005,1
18007,1
18008,1
18011,1
18015,1
18016,4
18018,1
18023,1
18024,1
18026,1
18027,1
18028,2
18029,1
18030,1
18033,2
18037,1
18039,2
18041,1
18042,1
18045,1
18047,1
18049,1
18050,1
18052,1
18053,1
18059,1
18063,1
18064,1
18065,3
18067,1
18084,1
18086,3
18093,1
18095,2
18096,1
18099,1
18100,1
18103,1
18106,1
18107,1
18108,1
18110,2
18112,1
18115,1
18116,1
18119,1
18127,2
18128,3
18137,1
18140,1
18141,1
18142,2
18148,1
18154,1
18156,1
18157,1
18158,1
18160,1
18161,2
18162,1
18163,2
18171,2
18172,1
18183,2
18185,1
18187,1
18189,1
18190,2
18191,3
18192,1
18195,1
18196,1
18197,1
18204,1
18207,1
18208,2
18209,4
18210,1
18211,1
18213,3
18214,3
18215,1
18216,3
18217,1
18219,1
18222,1
18225,1
18227,1
18228,1
18233,2
18236,1
18237,2
18239,2
18244,2
18246,1
18247,2
18251,1
18252,2
18253,3
18256,1
18258,1
18260,1
18261,1
18263,1
18264,1
18265,1
18266,1
18270,1
18272,3
18273,2
18277,1
18279,2
18282,1
18283,1
18286,4
18288,3
18289,2
18290,1
18291,2
18292,2
18293,1
18294,1
18298,2
18299,1
18303,1
18305,1
18308,2
18309,1
18310,2
18311,1
18313,1
18315,1
18318,1
18319,2
18321,1
18322,1
18323,2
18325,1
18327,1
18333,1
18338,1
18341,1
18342,1
18345,1
18347,2
18350,1
18351,2
18355,1
18357,1
18361,2
18366,1
18373,1
18375,3
18377,1
18380,1
18382,1
18383,2
18390,2
18393,1
18395,2
18396,2
18399,1
18403,1
18404,2
18406,1
18408,1
18417,1
18418,3
18419,2
18420,1
18429,1
18430,1
18431,1
18432,2
18440,2
18442,1
18446,3
18450,1
18451,2
18453,1
18454,1
18457,1
18458,2
18459,1
18460,1
18461,1
18462,1
18463,2
18465,1
18466,1
18469,2
18474,1
18479,1
18480,1
18481,3
18482,3
18485,1
18486,1
18488,2
18489,1
18495,1
18501,1
18503,1
18504,2
18505,1
18506,2
18509,1
18510,2
18513,1
18514,2
18516,2
18517,1
18520,1
18522,1
18524,1
18527,2
18528,1
18531,2
18537,2
18538,1
18541,2
18542,4
18545,1
18546,1
18547,2
18548,1
18551,1
18552,1
18553,1
18557,2
18558,1
18569,2
18570,1
18571,1
18575,2
18577,1
18578,1
18579,1
18583,1
18587,1
18595,1
18600,1
18602,1
18603,1
18607,2
18610,2
18611,1
18616,1
18618,1
18623,1
18624,1
18628,2
18634,1
18637,2
18638,1
18639,2
18642,1
18646,2
18648,3
18649,1
18656,1
18658,1
18663,1
18665,1
18669,1
18671,3
18673,2
18676,1
18677,2
18678,1
18679,1
18680,1
18681,3
18683,1
18684,1
18691,1
18694,1
18698,4
18702,1
18708,1
18711,1
18713,1
18715,1
18720,1
18721,1
18722,1
18724,1
18725,1
18727,1
18729,1
18730,4
18733,1
18734,3
18735,2
18736,1
18737,1
18744,2
18745,2
18746,1
18747,1
18748,1
18751,2
18753,1
18755,1
18756,3
18757,2
18760,2
18761,1
18764,2
18765,3
18773,1
18777,2
18778,1
18781,1
18782,1
18785,2
18788,1
18792,1
18793,1
18797,1
18798,3
18804,2
18805,1
18806,1
18810,2
18814,1
18816,1
18818,2
18823,1
18827,2
18828,1
18832,1
18834,2
18835,2
18836,2
18839,1
18843,1
18844,2
18845,1
18847,1
18848,2
18855,1
18859,1
18861,1
18864,1
18874,1
18878,1
18880,1
18887,1
18888,1
18890,2
18891,2
18894,1
18896,2
18903,1
18904,1
18905,2
18906,1
18909,1
18910,1
18913,1
18918,2
18920,2
18921,1
18922,1
18924,2
18925,1
18927,1
18928,2
18929,2
18930,2
18932,2
18933,1
18934,2
18936,1
18937,1
18939,1
18943,1
18946,1
18947,1
18951,1
18952,2
18953,3
18954,2
18955,3
18957,2
18958,2
18961,2
18963,1
18964,1
18965,2
18966,1
18967,2
18969,1
18970,1
18971,1
18974,1
18976,1
18978,2
18979,1
18981,1
18982,2
18983,1
18984,1
18993,1
18997,1
19000,1
19001,1
19004,2
19005,1
19007,4
19011,2
19013,2
19015,1
19016,1
19019,1
19021,1
19023,1
19024,2
19027,1
19029,2
19031,1
19035,1
19039,1
19040,2
19046,1
19049,1
19052,1
19053,1
19054,3
19055,2
19056,1
19058,1
19059,1
19060,1
19064,1
19066,1
19068,1
19069,1
19071,1
19073,1
19074,1
19075,1
19076,2
19077,1
19078,2
19081,2
19089,1
19095,1
19097,1
19098,1
19104,1
19106,2
19110,1
19112,1
19114,1
19115,1
19118,1
19130,2
19134,1
19135,2
19136,1
19137,1
19144,1
19147,1
19151,4
19152,1
19153,1
19156,2
19157,1
19159,1
19160,1
19165,2
19167,1
19170,1
19173,1
19179,1
19180,2
19181,1
19182,1
19185,2
19186,2
19194,1
19199,1
19205,1
19206,1
19208,1
19209,1
19210,1
19211,3
19214,1
19216,4
19217,2
19218,1
19219,2
19221,1
19224,1
19227,1
19228,1
19229,2
19230,1
19231,2
19232,1
19236,1
19237,1
19238,3
19240,1
19241,3
19245,1
19246,1
19247,1
19249,1
19250,2
19251,1
19253,1
19255,1
19257,1
19258,1
19259,2
19260,1
19261,1
19263,2
19267,4
19270,2
19271,2
19273,1
19276,2
19277,1
19278,2
19280,1
19282,1
19284,1
19287,1
19288,2
19289,1
19290,1
19293,1
19294,2
19296,2
19297,2
19303,1
19304,1
19307,3
19309,1
19310,4
19322,2
19323,1
19324,2
19327,2
19334,1
19337,2
19339,1
19343,2
19345,2
19347,1
19349,1
19351,1
19356,1
19357,1
19358,1
19366,1
19369,2
19372,1
19378,1
19382,1
19386,1
19388,1
19389,1
19390,4
19394,1
19397,1
19399,2
19401,1
19405,2
19407,2
19412,1
19417,1
19420,1
19423,1
19432,1
19433,1
19435,1
19437,2
19438,4
19442,4
19443,2
19444,1
19445,1
19451,1
19452,2
19455,1
19464,1
19466,2
19475,2
19476,3
19479,1
19483,1
19486,1
19491,2
19492,1
19493,2
19495,1
19499,2
19500,1
19503,1
19506,1
19509,1
19510,1
19511,1
19513,1
19515,1
19517,1
19518,1
19519,1
19522,2
19523,1
19526,1
19527,1
19528,1
19530,1
19531,1
19532,1
19534,2
19535,1
19539,1
19541,1
19543,1
19545,2
19547,1
19549,1
19551,2
19554,1
19556,1
19558,1
19559,1
19561,1
19562,1
19564,1
19565,1
19566,2
19567,1
19568,1
19570,2
19571,1
19572,4
19573,1
19575,2
19576,1
19577,2
19578,1
19581,1
19582,1
19584,1
19587,1
19589,1
19593,1
19595,2
19599,1
19605,1
19611,1
19624,1
19626,1
19627,2
19632,1
19643,1
19648,1
19652,2
19654,1
19655,1
19656,2
19658,2
19659,2
19663,3
19664,4
19665,1
19666,1
19667,1
19670,1
19672,3
19673,1
19675,1
19676,2
19677,2
19678,5
19682,2
19686,1
19688,1
19695,3
19696,4
19700,2
19701,1
19705,1
19707,2
19714,1
19715,2
19722,1
19724,1
19727,1
19728,1
19729,1
19730,1
19731,1
19733,1
19734,1
19739,1
19743,2
19745,3
19747,3
19748,1
19749,2
19750,1
19752,1
19754,3
19756,3
19757,2
19759,2
19760,3
19761,3
19762,2
19763,1
19765,1
19768,3
19770,4
19771,1
19772,1
19773,1
19774,1
19775,3
19781,2
19783,1
19784,1
19786,1
19788,1
19793,1
19795,1
19800,1
19802,1
19806,1
19807,1
19809,1
19811,2
19814,1
19815,1
19817,2
19818,2
19820,2
19821,1
19823,1
19824,1
19825,2
19826,1
19829,1
19830,1
19834,1
19836,2
19838,1
19841,2
19842,1
19846,1
19847,4
19849,2
19851,2
19855,1
19858,1
19860,1
19862,1
19863,1
19878,1
19882,1
19884,1
19887,1
19888,1
19890,2
19891,1
19901,1
19902,2
19909,1
19910,1
19911,1
19912,1
19917,2
19918,1
19919,1
19920,1
19923,2
19927,1
19928,1
19929,2
19930,1
19932,1
19934,1
19936,1
19946,1
19948,1
19951,1
19953,1
19958,1
19961,1
19964,1
19968,1
19972,2
19981,3
19982,1
19984,1
19987,1
19988,1
19989,3
19990,2
19991,1
19993,3
19994,1
19995,1
19996,1
19997,1
19998,2
20000,1
20002,1
20005,1
20007,2
20008,1
20011,1
20016,1
20017,2
20018,1
20021,1
20022,1
20023,1
20025,1
20027,1
20031,2
20033,1
20035,1
20036,3
20037,1
20039,1
20040,1
20041,1
20042,1
20044,2
20045,1
20047,1
20048,1
20051,1
20056,3
20057,1
20061,1
20063,1
20064,1
20067,2
20069,1
20073,1
20075,2
20078,1
20081,1
20083,4
20084,1
20085,1
20093,1
20094,1
20095,2
20096,2
20097,1
20099,2
20100,2
20101,1
20103,1
20105,2
20114,1
20118,1
20119,1
20120,1
20122,1
20126,1
20129,1
20141,1
20142,1
20151,2
20154,1
20158,1
20160,3
20163,2
20166,1
20168,1
20171,2
20175,1
20176,3
20177,2
20178,1
20179,2
20181,1
20183,1
20185,1
20189,1
20190,3
20191,1
20192,2
20196,1
20204,2
20205,1
20206,1
20210,1
20213,1
20218,1
20232,1
20239,2
20241,2
20242,1
20243,1
20245,2
20246,1
20249,1
20251,1
20253,1
20255,2
20256,2
20259,3
20262,1
20263,1
20266,1
20267,1
20268,1
20270,1
20271,1
20276,1
20279,1
20280,1
20281,2
20284,1
20285,3
20289,2
20290,2
20291,1
20295,2
20296,1
20300,3
20301,1
20302,1
20303,1
20306,1
20307,2
20308,1
20310,1
20312,1
20313,2
20314,2
20320,1
20324,1
20326,2
20330,1
20331,1
20333,2
20334,4
20335,1
20336,2
20337,2
20339,2
20342,1
20344,1
20346,2
20347,3
20351,1
20353,2
20355,2
20358,2
20359,2
20360,1
20361,2
20362,2
20364,2
20365,1
20367,3
20371,1
20374,1
20375,2
20376,1
20379,1
20383,1
20385,1
20390,1
20393,1
20395,1
20399,2
20407,2
20408,2
20409,3
20414,1
20416,3
20417,2
20418,1
20419,2
20423,2
20425,2
20427,2
20428,1
20429,3
20430,1
20431,1
20434,1
20436,1
20440,1
20441,3
20442,2
20443,1
20444,1
20446,4
20450,1
20452,2
20455,1
20456,1
20462,1
20464,1
20465,3
20467,1
20468,1
20469,1
20488,1
20491,1
20495,1
20498,1
20501,1
20502,1
20503,2
20506,2
20511,3
20513,1
20517,1
20518,1
20522,1
20524,1
20527,1
20529,2
20532,1
20533,1
20535,1
20536,1
20541,1
20542,3
20543,1
20544,1
20545,1
20547,1
20550,2
20551,1
20552,1
20555,2
20556,2
20557,2
20558,1
20560,1
20561,1
20565,1
20575,1
20576,2
20577,2
20579,2
20581,1
20583,1
20585,3
20586,2
20587,3
20594,1
20595,1
20596,2
20597,1
20598,1
20599,2
20600,1
20602,3
20605,2
20606,1
20609,1
20612,1
20613,1
20617,1
20619,1
20622,1
20625,1
20626,1
20635,2
20643,2
20645,1
20648,1
20651,1
20654,1
20655,2
20658,1
20662,2
20664,1
20668,1
20673,2
20677,2
20678,1
20682,1
20683,2
20686,1
20687,1
20688,4
20690,2
20692,1
20693,3
20694,1
20696,4
20697,3
20699,1
20702,1
20703,1
20705,2
20706,4
20708,1
20709,1
20710,1
20712,2
20716,1
20719,2
20720,1
20721,2
20724,1
20725,2
20727,1
20732,1
20733,2
20734,1
20736,2
20737,1
20742,1
20748,1
20750,1
20751,2
20753,1
20754,1
20755,3
20757,1
20758,1
20759,1
20767,1
20770,1
20773,1
20774,1
20775,1
20778,2
20781,1
20783,1
20784,2
20785,1
20786,4
20789,3
20790,2
20795,3
20796,1
20797,1
20798,4
20799,6
20803,1
20804,1
20809,1
20810,2
20812,2
20813,1
20817,2
20820,1
20821,2
20824,2
20825,1
20831,2
20832,1
20833,1
20835,2
20839,1
20840,2
20841,3
20842,1
20843,2
20844,2
20845,1
20846,1
20847,1
20848,2
20849,1
20850,1
20851,2
20856,2
20857,1
20858,2
20860,2
20861,1
20863,1
20864,1
20866,1
20870,1
20871,1
20872,1
20873,1
20875,1
20876,2
20879,1
20883,3
20884,1
20885,2
20891,1
20898,2
20901,2
20908,1
20909,1
20911,1
20915,1
20916,1
20920,1
20923,1
20924,1
20927,2
20933,1
20934,1
20936,2
20939,2
20940,2
20944,1
20945,1
20947,1
20951,2
20952,3
20956,1
20960,1
20968,1
20969,2
20970,1
20971,3
20973,2
20977,2
20978,1
20979,1
20980,1
20981,1
20984,1
20987,2
20989,2
21000,1
21001,1
21003,1
21005,1
21006,2
21008,1
21013,1
21019,1
21021,1
21022,1
21023,1
21024,2
21025,1
21027,1
21028,1
21030,1
21031,2
21032,1
21035,2
21037,1
21039,1
21040,2
21041,2
21045,2
21046,1
21047,1
21049,1
21051,3
21053,1
21059,1
21060,1
21062,2
21063,1
21065,1
21066,2
21068,1
21069,1
21072,2
21077,3
21078,2
21080,1
21081,1
21093,1
21097,1
21099,1
21102,1
21103,3
21106,1
21107,1
21108,1
21111,1
21112,2
21114,1
21115,1
21116,1
21117,1
21118,1
21119,1
21125,2
21127,1
21129,1
21135,2
21139,1
21154,1
21158,1
21160,1
21163,3
21167,1
21170,2
21172,1
21176,1
21180,1
21182,3
21187,1
21188,2
21189,2
21191,1
21192,1
21196,1
21198,2
21200,1
21201,3
21203,1
21207,2
21209,1
21212,1
21213,1
21215,1
21216,1
21228,1
21229,1
21231,2
21234,1
21235,1
21236,1
21237,1
21242,1
21243,1
21245,1
21247,1
21249,1
21255,1
21260,1
21262,1
21263,1
21265,1
21268,2
21270,1
21272,2
21274,2
21275,1
21279,2
21282,1
21285,4
21286,2
21287,1
21288,2
21289,2
21290,1
21291,1
21293,1
21294,1
21295,1
21297,1
21298,1
21299,1
21304,1
21305,4
21306,1
21307,1
21309,1
21310,1
21311,1
21313,1
21317,2
21318,1
21319,1
21324,1
21326,1
21327,2
21330,1
21331,3
21333,1
21336,1
21337,2
21342,1
21344,1
21345,1
21346,1
21348,1
21349,3
21354,1
21357,1
21358,2
21360,2
21361,2
21364,2
21366,1
21368,1
21370,1
21371,1
21375,2
21377,1
21379,3
21380,1
21383,2
21384,2
21385,4
21386,2
21388,1
21391,2
21394,1
21397,2
21402,1
21404,2
21407,1
21409,1
21412,1
21413,1
21414,1
21421,1
21423,1
21431,1
21439,1
21441,1
21444,1
21448,1
21453,2
21456,2
21458,1
21460,3
21462,4
21464,2
21465,1
21466,2
21468,1
21470,1
21476,1
21481,1
21483,1
21485,2
21487,3
21488,2
21489,1
21491,2
21493,1
21498,2
21499,1
21502,2
21512,1
21514,1
21516,1
21517,1
21518,1
21519,1
21521,1
21522,1
21531,2
21532,1
21534,1
21538,1
21540,1
21546,1
21547,1
21548,2
21549,1
21554,2
21557,1
21558,1
21561,1
21563,3
21565,1
21568,1
21570,1
21573,1
21574,3
21575,1
21576,3
21577,2
21579,1
21580,1
21582,1
21583,1
21588,1
21590,1
21594,1
21597,1
21600,1
21601,2
21602,1
21605,2
21607,1
21608,1
21609,2
21614,1
21616,1
21617,2
21619,3
21620,1
21622,1
21623,3
21624,2
21626,1
21628,1
21629,1
21630,1
21632,1
21635,1
21636,1
21641,2
21647,1
21650,1
21651,1
21656,1
21661,1
21662,1
21666,1
21667,1
21672,1
21675,1
21678,1
21679,2
21683,1
21686,1
21692,1
21696,1
21700,1
21701,2
21702,1
21707,2
21709,1
21710,3
21714,2
21717,1
21720,1
21721,2
21722,1
21723,4
21725,2
21726,2
21729,1
21730,4
21731,1
21734,1
21735,1
21736,1
21737,1
21743,2
21744,1
21745,1
21747,1
21749,4
21752,1
21763,1
21770,1
21774,2
21778,2
21779,1
21781,1
21782,2
21785,1
21786,1
21787,1
21793,1
21795,3
21796,1
21797,1
21799,1
21801,1
21802,1
21804,2
21805,1
21806,1
21807,2
21808,1
21810,1
21816,2
21818,1
21819,2
21823,4
21825,1
21826,1
21827,2
21828,1
21829,2
21830,1
21832,1
21833,2
21837,3
21838,1
21848,1
21849,2
21852,1
21857,2
21861,2
21864,1
21865,1
21867,1
21868,2
21869,1
21872,1
21873,4
21876,3
21877,2
21878,1
21884,2
21890,1
21894,1
21895,1
21896,2
21899,1
21902,1
21905,1
21907,1
21908,2
21909,1
21910,1
21911,1
21915,1
21921,1
21926,1
21930,1
21938,2
21942,1
21944,2
21946,1
21947,1
21950,1
21952,1
21953,1
21960,1
21963,1
21965,1
21966,3
21968,1
21969,1
21970,2
21973,2
21974,1
21975,2
21976,2
21977,2
21978,1
21980,1
21981,1
21983,1
21984,1
21985,1
21992,1
21993,1
21994,2
21995,1
21996,2
21997,1
21998,2
22001,1
22002,1
22003,1
22004,1
22010,1
22011,2
22015,1
22018,1
22024,1
22025,1
22026,1
22029,2
22035,1
22036,1
22037,1
22038,1
22041,1
22043,1
22047,1
22049,1
22053,2
22054,1
22055,2
22056,2
22057,1
22059,1
22065,1
22067,1
22069,1
22071,3
22072,2
22073,1
22075,2
22077,1
22079,3
22081,2
22083,1
22084,1
22087,1
22091,2
22097,1
22099,2
22101,1
22102,1
22104,1
22107,1
22112,3
22117,3
22119,1
22121,2
22123,2
22129,1
22132,2
22135,1
22136,1
22137,1
22138,1
22140,2
22142,1
22144,1
22146,2
22147,1
22151,1
22154,1
22155,2
22156,1
22159,1
22161,1
22167,1
22173,1
22174,1
22180,1
22182,1
22190,1
22199,1
22202,1
22203,2
22205,1
22206,2
22207,1
22211,1
22212,1
22214,1
22215,1
22216,1
22220,1
22222,1
22225,2
22226,1
22227,1
22232,1
22233,1
22236,2
22237,2
22240,1
22249,1
22254,2
22256,1
22258,1
22259,2
22266,1
22267,1
22279,1
22282,1
22283,1
22284,1
22286,1
22287,2
22288,3
22289,1
22292,1
22293,2
22298,1
22299,1
22301,2
22303,1
22305,2
22306,2
22309,2
22312,2
22313,1
22315,2
22321,2
22322,1
22323,1
22327,1
22329,1
22330,1
22333,2
22334,1
22338,1
22340,1
22341,1
22342,1
22343,1
22344,1
22345,1
22349,1
22351,1
22355,1
22360,2
22361,1
22362,1
22366,1
22368,2
22373,1
22376,1
22378,1
22379,2
22381,3
22382,2
22383,1
22384,2
22385,1
22386,2
22388,4
22389,1
22390,1
22392,2
22395,1
22398,2
22399,3
22403,1
22405,1
22406,3
22409,1
22410,1
22411,1
22413,1
22417,1
22423,1
22428,1
22429,1
22433,2
22434,2
22435,2
22441,2
22443,3
22446,2
22447,2
22450,1
22451,2
22457,1
22461,1
22462,1
22463,1
22466,1
22467,1
22471,1
22472,1
22477,1
22478,1
22484,1
22485,1
22486,1
22488,2
22489,2
22491,1
22493,1
22494,1
22495,1
22509,1
22510,1
22511,2
22512,1
22513,1
22514,1
22515,3
22518,1
22519,2
22523,1
22524,1
22529,1
22531,1
22535,1
22537,2
22538,2
22539,1
22542,2
22543,1
22544,1
22545,1
22546,2
22547,1
22549,3
22551,1
22554,3
22555,1
22557,1
22559,6
22562,2
22567,1
22578,2
22583,1
22585,2
22587,1
22591,1
22592,1
22597,1
22604,1
22605,1
22607,1
22608,1
22609,2
22613,1
22617,1
22618,1
22624,1
22626,2
22627,1
22628,2
22632,1
22634,1
22637,1
22638,1
22641,1
22642,1
22643,3
22644,2
22647,1
22648,1
22649,1
22650,1
22653,1
22654,2
22660,1
22661,1
22662,1
22663,1
22665,1
22670,1
22672,3
22674,1
22676,2
22683,3
22690,1
22691,2
22700,1
22703,1
22705,1
22706,1
22707,2
22710,1
22712,1
22714,1
22720,1
22722,2
22728,1
22730,2
22734,3
22738,2
22740,1
22741,3
22743,1
22744,1
22747,1
22754,3
22759,1
22761,2
22766,1
22767,2
22769,4
22770,2
22772,2
22773,2
22778,1
22780,1
22782,1
22787,3
22790,1
22791,1
22794,6
22795,2
22797,1
22798,2
22803,1
22809,1
22810,2
22811,2
22813,2
22815,1
22817,1
22818,1
22819,1
22820,2
22821,3
22825,1
22826,2
22829,1
22831,2
22832,1
22833,2
22835,2
22836,1
22840,1
22841,5
22843,1
22844,1
22845,1
22847,4
22848,1
22850,1
22851,1
22852,1
22853,2
22855,2
22856,1
22858,1
22861,1
22864,1
22865,2
22867,1
22873,1
22880,1
22881,1
22883,2
22886,2
22887,1
22888,1
22889,1
22890,1
22891,2
22893,1
22895,1
22896,1
22897,2
22899,2
22900,2
22901,1
22907,1
22911,1
22912,3
22914,1
22916,1
22918,1
22920,1
22921,2
22923,1
22924,2
22926,2
22928,1
22929,1
22931,2
22932,1
22940,1
22957,1
22959,1
22963,1
22971,2
22976,2
22981,2
22983,2
22984,2
22987,1
22989,1
22990,2
22992,2
22995,1
22999,1
23000,3
23001,2
23002,1
23004,3
23005,2
23006,2
23008,2
23009,2
23012,1
23014,3
23015,1
23016,2
23017,3
23018,1
23020,2
23021,1
23022,3
23023,1
23024,2
23028,1
23030,1
23035,1
23042,1
23046,1
23047,1
23048,3
23049,2
23050,1
23053,1
23054,4
23055,1
23057,1
23063,1
23065,2
23070,1
23071,1
23072,1
23073,2
23074,1
23075,1
23077,2
23079,1
23082,2
23083,2
23086,1
23087,1
23089,1
23092,1
23096,1
23097,1
23100,1
23101,1
23106,1
23107,1
23109,3
23110,1
23117,3
23119,1
23120,1
23125,1
23126,1
23127,1
23129,1
23136,2
23137,1
23140,1
23141,1
23142,1
23145,1
23148,2
23150,2
23152,2
23155,1
23156,1
23159,2
23160,2
23162,1
23164,1
23165,2
23167,1
23169,1
23171,1
23172,4
23173,4
23174,2
23175,1
23179,2
23183,1
23184,2
23185,2
23187,1
23188,3
23194,6
23196,1
23198,1
23201,1
23202,1
23206,1
23214,1
23218,1
23222,2
23223,1
23225,1
23228,1
23230,3
23231,4
23235,2
23237,2
23239,2
23240,2
23242,1
23247,1
23248,2
23256,2
23257,2
23262,1
23263,1
23264,2
23266,1
23272,1
23274,1
23275,1
23276,1
23281,1
23285,1
23292,1
23295,1
23298,1
23307,1
23310,3
23311,1
23312,1
23313,1
23314,1
23316,1
23319,1
23320,2
23325,2
23326,1
23327,2
23328,2
23330,1
23333,1
23335,1
23336,1
23338,1
23340,1
23343,1
23345,1
23347,1
23351,1
23352,2
23353,1
23355,2
23356,1
23359,1
23366,1
23367,3
23368,2
23369,1
23372,1
23373,1
23375,1
23381,2
23384,2
23385,1
23390,1
23392,1
23395,1
23397,1
23402,1
23403,3
23405,2
23406,1
23408,1
23410,2
23412,2
23414,1
23419,2
23422,1
23423,3
23426,1
23427,1
23428,1
23430,1
23431,1
23432,1
23433,3
23434,1
23442,1
23445,1
23447,1
23448,1
23450,1
23452,1
23455,1
23458,1
23460,1
23464,1
23470,1
23471,2
23477,1
23481,1
23483,1
23484,1
23486,2
23488,1
23492,1
23493,1
23495,1
23497,2
23501,1
23503,1
23505,1
23512,1
23513,1
23518,1
23519,1
23530,1
23531,2
23533,1
23534,2
23535,1
23538,1
23539,1
23541,1
23547,1
23548,2
23561,2
23563,1
23565,3
23566,1
23570,1
23571,1
23575,1
23578,2
23581,1
23583,3
23585,1
23587,2
23589,2
23599,1
23601,3
23602,3
23605,1
23607,1
23609,1
23614,1
23615,1
23616,1
23618,1
23619,1
23620,1
23621,1
23622,2
23624,4
23627,1
23628,4
23629,1
23630,2
23631,2
23635,2
23636,1
23638,2
23639,1
23643,1
23647,1
23648,2
23651,2
23653,1
23654,1
23655,1
23656,1
23660,1
23662,3
23665,1
23667,3
23668,1
23669,2
23671,4
23673,1
23674,1
23677,1
23678,1
23681,1
23687,2
23689,1
23691,1
23692,1
23695,1
23696,1
23697,2
23707,1
23715,1
23723,2
23725,2
23727,1
23728,1
23729,1
23734,1
23736,1
23737,1
23738,1
23744,1
23748,5
23750,1
23755,1
23759,1
23762,1
23765,1
23768,1
23769,1
23774,2
23776,1
23778,1
23783,1
23786,1
23791,1
23792,1
23793,4
23794,1
23796,1
23797,4
23804,1
23809,1
23811,1
23812,1
23816,1
23818,1
23823,1
23824,2
23825,2
23826,2
23827,1
23828,1
23829,2
23834,1
23835,1
23836,1
23838,2
23841,1
23842,1
23843,1
23844,1
23845,1
23846,1
23847,1
23848,1
23849,1
23850,1
23852,3
23854,2
23855,1
23856,1
23857,3
23858,1
23859,1
23864,2
23866,3
23867,3
23868,1
23870,2
23871,6
23872,1
23874,1
23877,3
23878,1
23879,2
23881,1
23882,1
23888,2
23890,1
23891,2
23896,1
23897,1
23898,1
23901,1
23904,1
23905,1
23908,2
23909,1
23910,3
23914,1
23915,2
23917,3
23921,1
23928,1
23930,2
23931,2
23932,1
23935,1
23936,2
23939,1
23942,2
23943,2
23944,2
23945,1
23947,1
23948,1
23955,2
23956,2
23958,2
23959,1
23960,1
23962,1
23966,1
23983,1
23994,2
23997,1
23999,1
24001,1
24003,1
24005,1
24006,2
24008,1
24011,3
24013,1
24014,2
24015,2
24016,1
24017,1
24018,1
24023,2
24024,1
24025,3
24027,2
24028,2
24029,2
24030,1
24031,2
24033,1
24035,1
24036,1
24037,1
24038,2
24041,1
24042,2
24043,3
24044,4
24045,1
24046,4
24048,1
24049,3
24050,1
24054,1
24057,2
24063,1
24067,1
24073,2
24075,2
24076,1
24077,2
24078,3
24081,2
24084,1
24086,2
24089,1
24091,1
24094,2
24095,2
24096,2
24097,1
24102,2
24103,2
24104,1
24107,1
24108,1
24111,1
24112,1
24113,1
24120,1
24121,1
24123,1
24127,1
24131,1
24134,1
24135,1
24137,1
24140,1
24142,2
24143,2
24158,1
24164,1
24165,1
24166,1
24167,1
24170,1
24171,2
24174,1
24175,2
24178,1
24179,1
24183,1
24185,1
24189,1
24191,1
24193,2
24194,1
24195,1
24196,1
24197,3
24198,1
24203,2
24208,1
24209,1
24210,1
24211,1
24212,3
24213,2
24214,1
24218,1
24223,1
24225,2
24226,2
24228,1
24234,1
24235,1
24246,1
24247,1
24250,1
24255,1
24257,1
24258,1
24261,1
24262,1
24263,1
24266,2
24267,1
24272,1
24276,1
24277,1
24285,2
24286,2
24287,2
24290,1
24292,2
24298,1
24300,2
24301,1
24302,1
24306,1
24312,1
24316,1
24321,2
24327,1
24328,1
24330,3
24331,2
24333,3
24334,1
24336,2
24337,3
24339,2
24341,2
24345,2
24350,1
24351,1
24352,1
24353,1
24355,1
24357,3
24358,2
24359,1
24360,1
24362,2
24363,1
24366,1
24367,1
24369,1
24375,2
24376,1
24377,3
24378,2
24379,2
24381,3
24385,1
24387,1
24391,3
24392,2
24393,2
24395,1
24396,1
24400,1
24401,1
24402,1
24403,1
24405,1
24407,1
24408,3
24409,1
24410,1
24416,3
24417,4
24419,1
24421,1
24422,2
24423,1
24427,2
24429,1
24430,4
24432,5
24433,1
24434,1
24436,2
24438,1
24440,1
24442,2
24443,1
24451,2
24454,1
24455,4
24456,1
24457,2
24458,2
24462,1
24463,4
24464,1
24466,1
24467,2
24470,1
24471,1
24472,1
24474,1
24475,1
24478,1
24480,1
24481,5
24482,2
24485,2
24491,1
24492,2
24495,2
24499,1
24503,2
24504,1
24505,2
24506,1
24509,1
24510,1
24511,1
24514,1
24516,2
24519,1
24520,1
24521,1
24525,1
24526,1
24527,2
24528,1
24530,1
24531,1
24533,1
24539,2
24540,1
24542,3
24545,1
24552,1
24557,1
24558,2
24559,1
24560,2
24561,2
24562,3
24567,2
24570,1
24579,1
24580,1
24584,3
24588,1
24595,4
24597,1
24598,1
24600,1
24602,1
24603,2
24605,1
24608,3
24609,1
24610,1
24613,1
24620,2
24621,1
24623,1
24625,1
24626,1
24627,1
24629,1
24633,1
24635,1
24638,2
24643,2
24645,1
24646,1
24647,1
24649,1
24650,1
24652,2
24653,2
24654,2
24657,1
24658,2
24662,1
24671,2
24672,2
24674,1
24675,3
24676,1
24678,2
24680,2
24683,1
24685,1
24686,1
24691,3
24692,2
24693,2
24694,1
24695,2
24698,2
24701,1
24702,1
24704,1
24705,1
24713,1
24715,1
24716,1
24719,3
24720,1
24721,3
24731,1
24739,2
24744,2
24750,1
24752,1
24754,1
24755,1
24760,1
24762,1
24769,2
24772,1
24774,1
24776,3
24778,1
24779,2
24780,1
24782,2
24784,4
24788,1
24790,5
24792,1
24793,3
24797,1
24798,3
24799,2
24803,1
24805,1
24806,1
24808,1
24809,1
24810,1
24814,1
24816,3
24817,1
24818,1
24820,1
24821,3
24822,2
24827,1
24829,2
24831,1
24835,1
24837,1
24840,2
24842,2
24843,1
24846,1
24848,1
24852,1
24853,2
24857,1
24858,2
24859,2
24860,2
24864,1
24865,2
24867,2
24868,1
24869,1
24872,1
24874,3
24875,1
24876,1
24880,1
24881,2
24883,1
24887,1
24888,1
24890,3
24891,4
24892,1
24894,2
24895,3
24899,1
24901,1
24903,1
24905,2
24906,3
24907,1
24908,1
24909,1
24911,1
24912,2
24913,1
24917,1
24920,2
24921,2
24926,1
24931,2
24933,1
24934,1
24937,2
24939,1
24940,1
24941,3
24943,1
24946,1
24947,3
24949,1
24950,1
24953,1
24954,2
24959,1
24960,1
24966,2
24967,2
24971,1
24973,1
24978,2
24979,1
24980,1
24983,2
24984,1
24991,1
24992,2
24994,1
24997,1
25006,1
25009,1
25011,1
25016,1
25019,1
25021,1
25025,2
25027,1
25028,1
25029,2
25030,1
25033,1
25034,2
25035,3
25036,2
25037,2
25038,1
25039,3
25040,3
25041,1
25046,1
25047,3
25048,1
25049,3
25052,1
25054,3
25055,3
25056,1
25057,1
25060,2
25062,4
25063,1
25064,3
25065,2
25066,1
25067,3
25068,3
25069,1
25070,1
25072,3
25075,2
25076,1
25077,1
25082,1
25084,3
25085,1
25087,1
25089,1
25090,1
25094,1
25095,1
25096,2
25097,2
25098,1
25099,1
25101,2
25102,2
25103,2
25105,1
25107,1
25108,1
25114,1
25115,3
25119,1
25120,1
25123,1
25125,2
25126,2
25127,1
25131,1
25132,1
25133,1
25137,1
25139,1
25142,1
25145,2
25147,1
25149,2
25156,1
25162,1
25163,2
25167,1
25168,1
25170,1
25184,2
25189,1
25190,2
25193,1
25194,1
25196,4
25198,2
25200,1
25201,1
25203,2
25207,2
25209,1
25221,1
25222,2
25224,1
25225,1
25226,1
25228,1
25231,1
25232,1
25233,2
25234,1
25236,2
25237,1
25239,1
25240,1
25242,2
25243,1
25246,2
25249,1
25250,2
25253,1
25254,1
25257,1
25263,1
25266,2
25269,1
25274,1
25275,1
25278,1
25280,1
25281,1
25282,1
25283,2
25284,1
25286,1
25288,1
25290,1
25295,2
25296,2
25297,1
25298,1
25300,1
25304,1
25309,3
25310,1
25314,1
25316,1
25318,1
25324,3
25329,2
25333,2
25340,1
25343,1
25345,1
25347,1
25351,1
25352,1
25355,1
25356,1
25358,1
25360,1
25361,1
25362,2
25364,1
25365,2
25366,1
25369,1
25373,2
25374,1
25375,1
25377,1
25379,1
25382,2
25385,1
25386,2
25387,1
25389,1
25390,1
25393,1
25394,1
25395,1
25399,1
25400,1
25401,3
25402,1
25403,3
25404,2
25407,2
25410,3
25411,1
25412,1
25414,2
25415,1
25420,1
25421,1
25423,2
25424,2
25425,1
25427,2
25430,2
25432,3
25434,2
25438,2
25439,1
25441,3
25443,1
25445,1
25451,3
25453,2
25454,2
25457,1
25458,1
25459,1
25461,1
25464,1
25466,1
25470,2
25475,1
25478,1
25479,5
25480,1
25481,2
25482,1
25483,1
25484,1
25487,3
25489,1
25491,1
25493,1
25495,1
25498,2
25504,1
25505,2
25506,1
25509,3
25512,1
25513,2
25515,1
25516,1
25518,1
25521,1
25522,1
25523,2
25527,1
25528,1
25529,2
25531,1
25535,1
25537,1
25539,1
25540,1
25543,2
25544,2
25547,1
25549,1
25550,1
25551,1
25552,1
25557,1
25562,1
25565,1
25567,1
25573,1
25581,1
25585,1
25586,2
25588,1
25589,1
25592,1
25596,1
25598,2
